x,y,value
0.00000,0.00000,0.08412
0.10000,0.00000,0.08406
0.20000,0.00000,0.08395
0.30000,0.00000,0.08379
0.40000,0.00000,0.08357
0.50000,0.00000,0.08330
0.60000,0.00000,0.08298
0.70000,0.00000,0.08261
0.80000,0.00000,0.08220
0.90000,0.00000,0.08175
1.00000,0.00000,0.08125
1.10000,0.00000,0.08072
1.20000,0.00000,0.08016
1.30000,0.00000,0.07957
1.40000,0.00000,0.07895
1.50000,0.00000,0.07831
1.60000,0.00000,0.07765
1.70000,0.00000,0.07698
1.80000,0.00000,0.07630
1.90000,0.00000,0.07561
2.00000,0.00000,0.07493
2.10000,0.00000,0.07425
2.20000,0.00000,0.07357
2.30000,0.00000,0.07290
2.39000,0.00000,0.07225
2.49000,0.00000,0.07162
2.59000,0.00000,0.07100
2.69000,0.00000,0.07041
2.79000,0.00000,0.06985
2.89000,0.00000,0.06931
2.99000,0.00000,0.06880
3.09000,0.00000,0.06833
3.19000,0.00000,0.06789
3.29000,0.00000,0.06748
3.39000,0.00000,0.06710
3.49000,0.00000,0.06675
3.59000,0.00000,0.06644
3.69000,0.00000,0.06616
3.79000,0.00000,0.06590
3.89000,0.00000,0.06567
3.99000,0.00000,0.06545
4.09000,0.00000,0.06525
4.19000,0.00000,0.06505
4.29000,0.00000,0.06486
4.39000,0.00000,0.06465
4.49000,0.00000,0.06442
4.59000,0.00000,0.06416
4.69000,0.00000,0.06385
4.79000,0.00000,0.06347
4.89000,0.00000,0.06301
4.99000,0.00000,0.06244
5.09000,0.00000,0.06206
5.19000,0.00000,0.06185
5.29000,0.00000,0.06176
5.39000,0.00000,0.06179
5.49000,0.00000,0.06190
5.59000,0.00000,0.06209
5.69000,0.00000,0.06235
5.79000,0.00000,0.06265
5.89000,0.00000,0.06299
5.99000,0.00000,0.06336
6.09000,0.00000,0.06376
6.19000,0.00000,0.06417
6.29000,0.00000,0.06459
6.39000,0.00000,0.06501
6.49000,0.00000,0.06543
6.59000,0.00000,0.06584
6.69000,0.00000,0.06624
6.79000,0.00000,0.06663
6.89000,0.00000,0.06700
6.99000,0.00000,0.06734
7.09000,0.00000,0.06766
7.19000,0.00000,0.06795
7.29000,0.00000,0.06821
7.39000,0.00000,0.06843
7.49000,0.00000,0.06863
7.59000,0.00000,0.06880
7.69000,0.00000,0.06893
7.79000,0.00000,0.06903
7.89000,0.00000,0.06909
7.99000,0.00000,0.06913
8.09000,0.00000,0.06914
8.19000,0.00000,0.06912
8.29000,0.00000,0.06908
8.39000,0.00000,0.06902
8.49000,0.00000,0.06894
8.59000,0.00000,0.06884
8.69000,0.00000,0.06874
8.79000,0.00000,0.06862
8.89000,0.00000,0.06850
8.99000,0.00000,0.06838
9.09000,0.00000,0.06825
9.19000,0.00000,0.06814
9.29000,0.00000,0.06803
9.39000,0.00000,0.06793
9.50000,0.00000,0.06784
9.60000,0.00000,0.06777
9.70000,0.00000,0.06771
9.80000,0.00000,0.06768
9.90000,0.00000,0.06766
0.00000,0.10000,0.08418
0.10000,0.10000,0.08412
0.20000,0.10000,0.08401
0.30000,0.10000,0.08385
0.40000,0.10000,0.08363
0.50000,0.10000,0.08336
0.60000,0.10000,0.08304
0.70000,0.10000,0.08267
0.80000,0.10000,0.08226
0.90000,0.10000,0.08181
1.00000,0.10000,0.08131
1.10000,0.10000,0.08078
1.20000,0.10000,0.08022
1.30000,0.10000,0.07962
1.40000,0.10000,0.07900
1.50000,0.10000,0.07836
1.60000,0.10000,0.07771
1.70000,0.10000,0.07704
1.80000,0.10000,0.07636
1.90000,0.10000,0.07567
2.00000,0.10000,0.07498
2.10000,0.10000,0.07430
2.20000,0.10000,0.07362
2.30000,0.10000,0.07296
2.39000,0.10000,0.07231
2.49000,0.10000,0.07167
2.59000,0.10000,0.07106
2.69000,0.10000,0.07046
2.79000,0.10000,0.06990
2.89000,0.10000,0.06936
2.99000,0.10000,0.06886
3.09000,0.10000,0.06838
3.19000,0.10000,0.06794
3.29000,0.10000,0.06753
3.39000,0.10000,0.06715
3.49000,0.10000,0.06681
3.59000,0.10000,0.06649
3.69000,0.10000,0.06621
3.79000,0.10000,0.06595
3.89000,0.10000,0.06572
3.99000,0.10000,0.06550
4.09000,0.10000,0.06530
4.19000,0.10000,0.06510
4.29000,0.10000,0.06490
4.39000,0.10000,0.06469
4.49000,0.10000,0.06446
4.59000,0.10000,0.06420
4.69000,0.10000,0.06389
4.79000,0.10000,0.06351
4.89000,0.10000,0.06304
4.99000,0.10000,0.06247
5.09000,0.10000,0.06210
5.19000,0.10000,0.06188
5.29000,0.10000,0.06179
5.39000,0.10000,0.06182
5.49000,0.10000,0.06193
5.59000,0.10000,0.06212
5.69000,0.10000,0.06237
5.79000,0.10000,0.06267
5.89000,0.10000,0.06301
5.99000,0.10000,0.06338
6.09000,0.10000,0.06377
6.19000,0.10000,0.06418
6.29000,0.10000,0.06460
6.39000,0.10000,0.06502
6.49000,0.10000,0.06544
6.59000,0.10000,0.06585
6.69000,0.10000,0.06625
6.79000,0.10000,0.06664
6.89000,0.10000,0.06700
6.99000,0.10000,0.06735
7.09000,0.10000,0.06766
7.19000,0.10000,0.06795
7.29000,0.10000,0.06821
7.39000,0.10000,0.06844
7.49000,0.10000,0.06864
7.59000,0.10000,0.06880
7.69000,0.10000,0.06893
7.79000,0.10000,0.06903
7.89000,0.10000,0.06910
7.99000,0.10000,0.06914
8.09000,0.10000,0.06915
8.19000,0.10000,0.06913
8.29000,0.10000,0.06909
8.39000,0.10000,0.06903
8.49000,0.10000,0.06895
8.59000,0.10000,0.06885
8.69000,0.10000,0.06875
8.79000,0.10000,0.06863
8.89000,0.10000,0.06851
8.99000,0.10000,0.06839
9.09000,0.10000,0.06827
9.19000,0.10000,0.06815
9.29000,0.10000,0.06804
9.39000,0.10000,0.06794
9.50000,0.10000,0.06786
9.60000,0.10000,0.06778
9.70000,0.10000,0.06773
9.80000,0.10000,0.06769
9.90000,0.10000,0.06767
0.00000,0.20000,0.08430
0.10000,0.20000,0.08424
0.20000,0.20000,0.08413
0.30000,0.20000,0.08397
0.40000,0.20000,0.08375
0.50000,0.20000,0.08348
0.60000,0.20000,0.08316
0.70000,0.20000,0.08279
0.80000,0.20000,0.08238
0.90000,0.20000,0.08192
1.00000,0.20000,0.08143
1.10000,0.20000,0.08090
1.20000,0.20000,0.08033
1.30000,0.20000,0.07974
1.40000,0.20000,0.07912
1.50000,0.20000,0.07848
1.60000,0.20000,0.07782
1.70000,0.20000,0.07715
1.80000,0.20000,0.07647
1.90000,0.20000,0.07578
2.00000,0.20000,0.07510
2.10000,0.20000,0.07441
2.20000,0.20000,0.07373
2.30000,0.20000,0.07307
2.39000,0.20000,0.07241
2.49000,0.20000,0.07178
2.59000,0.20000,0.07116
2.69000,0.20000,0.07057
2.79000,0.20000,0.07001
2.89000,0.20000,0.06947
2.99000,0.20000,0.06896
3.09000,0.20000,0.06849
3.19000,0.20000,0.06804
3.29000,0.20000,0.06763
3.39000,0.20000,0.06726
3.49000,0.20000,0.06691
3.59000,0.20000,0.06660
3.69000,0.20000,0.06631
3.79000,0.20000,0.06605
3.89000,0.20000,0.06582
3.99000,0.20000,0.06560
4.09000,0.20000,0.06539
4.19000,0.20000,0.06520
4.29000,0.20000,0.06500
4.39000,0.20000,0.06478
4.49000,0.20000,0.06455
4.59000,0.20000,0.06428
4.69000,0.20000,0.06397
4.79000,0.20000,0.06359
4.89000,0.20000,0.06312
4.99000,0.20000,0.06254
5.09000,0.20000,0.06216
5.19000,0.20000,0.06194
5.29000,0.20000,0.06185
5.39000,0.20000,0.06187
5.49000,0.20000,0.06198
5.59000,0.20000,0.06217
5.69000,0.20000,0.06242
5.79000,0.20000,0.06271
5.89000,0.20000,0.06305
5.99000,0.20000,0.06342
6.09000,0.20000,0.06381
6.19000,0.20000,0.06422
6.29000,0.20000,0.06463
6.39000,0.20000,0.06505
6.49000,0.20000,0.06547
6.59000,0.20000,0.06588
6.69000,0.20000,0.06628
6.79000,0.20000,0.06666
6.89000,0.20000,0.06702
6.99000,0.20000,0.06736
7.09000,0.20000,0.06768
7.19000,0.20000,0.06797
7.29000,0.20000,0.06823
7.39000,0.20000,0.06846
7.49000,0.20000,0.06865
7.59000,0.20000,0.06882
7.69000,0.20000,0.06895
7.79000,0.20000,0.06905
7.89000,0.20000,0.06912
7.99000,0.20000,0.06915
8.09000,0.20000,0.06916
8.19000,0.20000,0.06915
8.29000,0.20000,0.06911
8.39000,0.20000,0.06905
8.49000,0.20000,0.06897
8.59000,0.20000,0.06887
8.69000,0.20000,0.06877
8.79000,0.20000,0.06865
8.89000,0.20000,0.06853
8.99000,0.20000,0.06841
9.09000,0.20000,0.06829
9.19000,0.20000,0.06818
9.29000,0.20000,0.06807
9.39000,0.20000,0.06797
9.50000,0.20000,0.06789
9.60000,0.20000,0.06781
9.70000,0.20000,0.06776
9.80000,0.20000,0.06772
9.90000,0.20000,0.06770
0.00000,0.30000,0.08448
0.10000,0.30000,0.08442
0.20000,0.30000,0.08431
0.30000,0.30000,0.08415
0.40000,0.30000,0.08393
0.50000,0.30000,0.08366
0.60000,0.30000,0.08334
0.70000,0.30000,0.08297
0.80000,0.30000,0.08256
0.90000,0.30000,0.08210
1.00000,0.30000,0.08160
1.10000,0.30000,0.08107
1.20000,0.30000,0.08051
1.30000,0.30000,0.07991
1.40000,0.30000,0.07929
1.50000,0.30000,0.07865
1.60000,0.30000,0.07799
1.70000,0.30000,0.07732
1.80000,0.30000,0.07664
1.90000,0.30000,0.07595
2.00000,0.30000,0.07526
2.10000,0.30000,0.07458
2.20000,0.30000,0.07390
2.30000,0.30000,0.07323
2.39000,0.30000,0.07258
2.49000,0.30000,0.07194
2.59000,0.30000,0.07133
2.69000,0.30000,0.07073
2.79000,0.30000,0.07017
2.89000,0.30000,0.06963
2.99000,0.30000,0.06912
3.09000,0.30000,0.06865
3.19000,0.30000,0.06820
3.29000,0.30000,0.06779
3.39000,0.30000,0.06741
3.49000,0.30000,0.06707
3.59000,0.30000,0.06675
3.69000,0.30000,0.06646
3.79000,0.30000,0.06620
3.89000,0.30000,0.06596
3.99000,0.30000,0.06574
4.09000,0.30000,0.06554
4.19000,0.30000,0.06534
4.29000,0.30000,0.06513
4.39000,0.30000,0.06492
4.49000,0.30000,0.06468
4.59000,0.30000,0.06441
4.69000,0.30000,0.06409
4.79000,0.30000,0.06370
4.89000,0.30000,0.06323
4.99000,0.30000,0.06265
5.09000,0.30000,0.06226
5.19000,0.30000,0.06203
5.29000,0.30000,0.06194
5.39000,0.30000,0.06196
5.49000,0.30000,0.06206
5.59000,0.30000,0.06224
5.69000,0.30000,0.06248
5.79000,0.30000,0.06278
5.89000,0.30000,0.06311
5.99000,0.30000,0.06347
6.09000,0.30000,0.06386
6.19000,0.30000,0.06426
6.29000,0.30000,0.06468
6.39000,0.30000,0.06509
6.49000,0.30000,0.06551
6.59000,0.30000,0.06591
6.69000,0.30000,0.06631
6.79000,0.30000,0.06669
6.89000,0.30000,0.06705
6.99000,0.30000,0.06739
7.09000,0.30000,0.06771
7.19000,0.30000,0.06799
7.29000,0.30000,0.06825
7.39000,0.30000,0.06848
7.49000,0.30000,0.06867
7.59000,0.30000,0.06884
7.69000,0.30000,0.06897
7.79000,0.30000,0.06907
7.89000,0.30000,0.06914
7.99000,0.30000,0.06918
8.09000,0.30000,0.06919
8.19000,0.30000,0.06917
8.29000,0.30000,0.06913
8.39000,0.30000,0.06907
8.49000,0.30000,0.06900
8.59000,0.30000,0.06890
8.69000,0.30000,0.06880
8.79000,0.30000,0.06869
8.89000,0.30000,0.06857
8.99000,0.30000,0.06845
9.09000,0.30000,0.06833
9.19000,0.30000,0.06822
9.29000,0.30000,0.06811
9.39000,0.30000,0.06801
9.50000,0.30000,0.06793
9.60000,0.30000,0.06786
9.70000,0.30000,0.06780
9.80000,0.30000,0.06777
9.90000,0.30000,0.06775
0.00000,0.40000,0.08472
0.10000,0.40000,0.08466
0.20000,0.40000,0.08455
0.30000,0.40000,0.08439
0.40000,0.40000,0.08417
0.50000,0.40000,0.08390
0.60000,0.40000,0.08358
0.70000,0.40000,0.08321
0.80000,0.40000,0.08279
0.90000,0.40000,0.08233
1.00000,0.40000,0.08184
1.10000,0.40000,0.08130
1.20000,0.40000,0.08074
1.30000,0.40000,0.08014
1.40000,0.40000,0.07952
1.50000,0.40000,0.07888
1.60000,0.40000,0.07822
1.70000,0.40000,0.07754
1.80000,0.40000,0.07686
1.90000,0.40000,0.07617
2.00000,0.40000,0.07548
2.10000,0.40000,0.07480
2.20000,0.40000,0.07412
2.30000,0.40000,0.07345
2.39000,0.40000,0.07280
2.49000,0.40000,0.07216
2.59000,0.40000,0.07154
2.69000,0.40000,0.07095
2.79000,0.40000,0.07038
2.89000,0.40000,0.06984
2.99000,0.40000,0.06933
3.09000,0.40000,0.06886
3.19000,0.40000,0.06841
3.29000,0.40000,0.06800
3.39000,0.40000,0.06762
3.49000,0.40000,0.06727
3.59000,0.40000,0.06695
3.69000,0.40000,0.06666
3.79000,0.40000,0.06640
3.89000,0.40000,0.06616
3.99000,0.40000,0.06594
4.09000,0.40000,0.06573
4.19000,0.40000,0.06552
4.29000,0.40000,0.06531
4.39000,0.40000,0.06510
4.49000,0.40000,0.06485
4.59000,0.40000,0.06458
4.69000,0.40000,0.06425
4.79000,0.40000,0.06385
4.89000,0.40000,0.06337
4.99000,0.40000,0.06278
5.09000,0.40000,0.06239
5.19000,0.40000,0.06216
5.29000,0.40000,0.06206
5.39000,0.40000,0.06206
5.49000,0.40000,0.06216
5.59000,0.40000,0.06234
5.69000,0.40000,0.06258
5.79000,0.40000,0.06286
5.89000,0.40000,0.06319
5.99000,0.40000,0.06355
6.09000,0.40000,0.06393
6.19000,0.40000,0.06433
6.29000,0.40000,0.06474
6.39000,0.40000,0.06515
6.49000,0.40000,0.06556
6.59000,0.40000,0.06596
6.69000,0.40000,0.06635
6.79000,0.40000,0.06673
6.89000,0.40000,0.06709
6.99000,0.40000,0.06742
7.09000,0.40000,0.06774
7.19000,0.40000,0.06802
7.29000,0.40000,0.06828
7.39000,0.40000,0.06850
7.49000,0.40000,0.06870
7.59000,0.40000,0.06886
7.69000,0.40000,0.06899
7.79000,0.40000,0.06909
7.89000,0.40000,0.06916
7.99000,0.40000,0.06920
8.09000,0.40000,0.06922
8.19000,0.40000,0.06920
8.29000,0.40000,0.06917
8.39000,0.40000,0.06911
8.49000,0.40000,0.06903
8.59000,0.40000,0.06894
8.69000,0.40000,0.06884
8.79000,0.40000,0.06873
8.89000,0.40000,0.06861
8.99000,0.40000,0.06850
9.09000,0.40000,0.06838
9.19000,0.40000,0.06827
9.29000,0.40000,0.06816
9.39000,0.40000,0.06807
9.50000,0.40000,0.06799
9.60000,0.40000,0.06792
9.70000,0.40000,0.06786
9.80000,0.40000,0.06783
9.90000,0.40000,0.06781
0.00000,0.50000,0.08502
0.10000,0.50000,0.08496
0.20000,0.50000,0.08485
0.30000,0.50000,0.08469
0.40000,0.50000,0.08447
0.50000,0.50000,0.08419
0.60000,0.50000,0.08387
0.70000,0.50000,0.08350
0.80000,0.50000,0.08309
0.90000,0.50000,0.08263
1.00000,0.50000,0.08213
1.10000,0.50000,0.08159
1.20000,0.50000,0.08102
1.30000,0.50000,0.08043
1.40000,0.50000,0.07980
1.50000,0.50000,0.07916
1.60000,0.50000,0.07850
1.70000,0.50000,0.07782
1.80000,0.50000,0.07714
1.90000,0.50000,0.07645
2.00000,0.50000,0.07576
2.10000,0.50000,0.07507
2.20000,0.50000,0.07439
2.30000,0.50000,0.07372
2.39000,0.50000,0.07306
2.49000,0.50000,0.07243
2.59000,0.50000,0.07181
2.69000,0.50000,0.07122
2.79000,0.50000,0.07065
2.89000,0.50000,0.07011
2.99000,0.50000,0.06960
3.09000,0.50000,0.06912
3.19000,0.50000,0.06867
3.29000,0.50000,0.06826
3.39000,0.50000,0.06788
3.49000,0.50000,0.06753
3.59000,0.50000,0.06721
3.69000,0.50000,0.06691
3.79000,0.50000,0.06665
3.89000,0.50000,0.06640
3.99000,0.50000,0.06618
4.09000,0.50000,0.06596
4.19000,0.50000,0.06575
4.29000,0.50000,0.06554
4.39000,0.50000,0.06531
4.49000,0.50000,0.06507
4.59000,0.50000,0.06478
4.69000,0.50000,0.06445
4.79000,0.50000,0.06404
4.89000,0.50000,0.06355
4.99000,0.50000,0.06295
5.09000,0.50000,0.06255
5.19000,0.50000,0.06231
5.29000,0.50000,0.06220
5.39000,0.50000,0.06220
5.49000,0.50000,0.06229
5.59000,0.50000,0.06246
5.69000,0.50000,0.06269
5.79000,0.50000,0.06297
5.89000,0.50000,0.06329
5.99000,0.50000,0.06364
6.09000,0.50000,0.06402
6.19000,0.50000,0.06441
6.29000,0.50000,0.06481
6.39000,0.50000,0.06522
6.49000,0.50000,0.06562
6.59000,0.50000,0.06602
6.69000,0.50000,0.06641
6.79000,0.50000,0.06678
6.89000,0.50000,0.06713
6.99000,0.50000,0.06747
7.09000,0.50000,0.06777
7.19000,0.50000,0.06806
7.29000,0.50000,0.06831
7.39000,0.50000,0.06854
7.49000,0.50000,0.06873
7.59000,0.50000,0.06889
7.69000,0.50000,0.06902
7.79000,0.50000,0.06913
7.89000,0.50000,0.06920
7.99000,0.50000,0.06924
8.09000,0.50000,0.06925
8.19000,0.50000,0.06924
8.29000,0.50000,0.06921
8.39000,0.50000,0.06915
8.49000,0.50000,0.06908
8.59000,0.50000,0.06899
8.69000,0.50000,0.06889
8.79000,0.50000,0.06878
8.89000,0.50000,0.06867
8.99000,0.50000,0.06856
9.09000,0.50000,0.06844
9.19000,0.50000,0.06833
9.29000,0.50000,0.06823
9.39000,0.50000,0.06814
9.50000,0.50000,0.06805
9.60000,0.50000,0.06799
9.70000,0.50000,0.06793
9.80000,0.50000,0.06790
9.90000,0.50000,0.06788
0.00000,0.60000,0.08538
0.10000,0.60000,0.08532
0.20000,0.60000,0.08521
0.30000,0.60000,0.08504
0.40000,0.60000,0.08482
0.50000,0.60000,0.08455
0.60000,0.60000,0.08423
0.70000,0.60000,0.08385
0.80000,0.60000,0.08344
0.90000,0.60000,0.08297
1.00000,0.60000,0.08247
1.10000,0.60000,0.08194
1.20000,0.60000,0.08137
1.30000,0.60000,0.08077
1.40000,0.60000,0.08014
1.50000,0.60000,0.07950
1.60000,0.60000,0.07883
1.70000,0.60000,0.07815
1.80000,0.60000,0.07747
1.90000,0.60000,0.07678
2.00000,0.60000,0.07608
2.10000,0.60000,0.07540
2.20000,0.60000,0.07471
2.30000,0.60000,0.07404
2.39000,0.60000,0.07339
2.49000,0.60000,0.07275
2.59000,0.60000,0.07213
2.69000,0.60000,0.07153
2.79000,0.60000,0.07096
2.89000,0.60000,0.07042
2.99000,0.60000,0.06991
3.09000,0.60000,0.06943
3.19000,0.60000,0.06898
3.29000,0.60000,0.06856
3.39000,0.60000,0.06818
3.49000,0.60000,0.06783
3.59000,0.60000,0.06751
3.69000,0.60000,0.06721
3.79000,0.60000,0.06694
3.89000,0.60000,0.06669
3.99000,0.60000,0.06646
4.09000,0.60000,0.06624
4.19000,0.60000,0.06603
4.29000,0.60000,0.06581
4.39000,0.60000,0.06557
4.49000,0.60000,0.06532
4.59000,0.60000,0.06503
4.69000,0.60000,0.06468
4.79000,0.60000,0.06427
4.89000,0.60000,0.06377
4.99000,0.60000,0.06315
5.09000,0.60000,0.06274
5.19000,0.60000,0.06249
5.29000,0.60000,0.06237
5.39000,0.60000,0.06236
5.49000,0.60000,0.06244
5.59000,0.60000,0.06260
5.69000,0.60000,0.06282
5.79000,0.60000,0.06309
5.89000,0.60000,0.06340
5.99000,0.60000,0.06375
6.09000,0.60000,0.06412
6.19000,0.60000,0.06450
6.29000,0.60000,0.06489
6.39000,0.60000,0.06529
6.49000,0.60000,0.06569
6.59000,0.60000,0.06608
6.69000,0.60000,0.06647
6.79000,0.60000,0.06683
6.89000,0.60000,0.06718
6.99000,0.60000,0.06751
7.09000,0.60000,0.06782
7.19000,0.60000,0.06810
7.29000,0.60000,0.06835
7.39000,0.60000,0.06857
7.49000,0.60000,0.06877
7.59000,0.60000,0.06893
7.69000,0.60000,0.06906
7.79000,0.60000,0.06916
7.89000,0.60000,0.06923
7.99000,0.60000,0.06928
8.09000,0.60000,0.06929
8.19000,0.60000,0.06928
8.29000,0.60000,0.06925
8.39000,0.60000,0.06920
8.49000,0.60000,0.06913
8.59000,0.60000,0.06905
8.69000,0.60000,0.06895
8.79000,0.60000,0.06885
8.89000,0.60000,0.06874
8.99000,0.60000,0.06862
9.09000,0.60000,0.06851
9.19000,0.60000,0.06841
9.29000,0.60000,0.06831
9.39000,0.60000,0.06822
9.50000,0.60000,0.06814
9.60000,0.60000,0.06807
9.70000,0.60000,0.06802
9.80000,0.60000,0.06798
9.90000,0.60000,0.06797
0.00000,0.70000,0.08579
0.10000,0.70000,0.08574
0.20000,0.70000,0.08562
0.30000,0.70000,0.08545
0.40000,0.70000,0.08523
0.50000,0.70000,0.08496
0.60000,0.70000,0.08463
0.70000,0.70000,0.08426
0.80000,0.70000,0.08384
0.90000,0.70000,0.08338
1.00000,0.70000,0.08288
1.10000,0.70000,0.08234
1.20000,0.70000,0.08176
1.30000,0.70000,0.08116
1.40000,0.70000,0.08053
1.50000,0.70000,0.07989
1.60000,0.70000,0.07922
1.70000,0.70000,0.07854
1.80000,0.70000,0.07785
1.90000,0.70000,0.07716
2.00000,0.70000,0.07646
2.10000,0.70000,0.07577
2.20000,0.70000,0.07509
2.30000,0.70000,0.07442
2.39000,0.70000,0.07376
2.49000,0.70000,0.07312
2.59000,0.70000,0.07249
2.69000,0.70000,0.07190
2.79000,0.70000,0.07133
2.89000,0.70000,0.07078
2.99000,0.70000,0.07027
3.09000,0.70000,0.06979
3.19000,0.70000,0.06934
3.29000,0.70000,0.06892
3.39000,0.70000,0.06853
3.49000,0.70000,0.06818
3.59000,0.70000,0.06785
3.69000,0.70000,0.06755
3.79000,0.70000,0.06728
3.89000,0.70000,0.06703
3.99000,0.70000,0.06679
4.09000,0.70000,0.06656
4.19000,0.70000,0.06634
4.29000,0.70000,0.06611
4.39000,0.70000,0.06587
4.49000,0.70000,0.06561
4.59000,0.70000,0.06531
4.69000,0.70000,0.06495
4.79000,0.70000,0.06453
4.89000,0.70000,0.06401
4.99000,0.70000,0.06339
5.09000,0.70000,0.06296
5.19000,0.70000,0.06269
5.29000,0.70000,0.06256
5.39000,0.70000,0.06254
5.49000,0.70000,0.06261
5.59000,0.70000,0.06276
5.69000,0.70000,0.06297
5.79000,0.70000,0.06323
5.89000,0.70000,0.06354
5.99000,0.70000,0.06387
6.09000,0.70000,0.06423
6.19000,0.70000,0.06461
6.29000,0.70000,0.06499
6.39000,0.70000,0.06538
6.49000,0.70000,0.06577
6.59000,0.70000,0.06616
6.69000,0.70000,0.06653
6.79000,0.70000,0.06690
6.89000,0.70000,0.06724
6.99000,0.70000,0.06757
7.09000,0.70000,0.06787
7.19000,0.70000,0.06815
7.29000,0.70000,0.06839
7.39000,0.70000,0.06862
7.49000,0.70000,0.06881
7.59000,0.70000,0.06897
7.69000,0.70000,0.06910
7.79000,0.70000,0.06920
7.89000,0.70000,0.06928
7.99000,0.70000,0.06932
8.09000,0.70000,0.06934
8.19000,0.70000,0.06933
8.29000,0.70000,0.06930
8.39000,0.70000,0.06926
8.49000,0.70000,0.06919
8.59000,0.70000,0.06911
8.69000,0.70000,0.06902
8.79000,0.70000,0.06892
8.89000,0.70000,0.06881
8.99000,0.70000,0.06870
9.09000,0.70000,0.06859
9.19000,0.70000,0.06849
9.29000,0.70000,0.06839
9.39000,0.70000,0.06831
9.50000,0.70000,0.06823
9.60000,0.70000,0.06816
9.70000,0.70000,0.06811
9.80000,0.70000,0.06808
9.90000,0.70000,0.06806
0.00000,0.80000,0.08626
0.10000,0.80000,0.08620
0.20000,0.80000,0.08609
0.30000,0.80000,0.08592
0.40000,0.80000,0.08570
0.50000,0.80000,0.08542
0.60000,0.80000,0.08510
0.70000,0.80000,0.08472
0.80000,0.80000,0.08430
0.90000,0.80000,0.08383
1.00000,0.80000,0.08333
1.10000,0.80000,0.08279
1.20000,0.80000,0.08221
1.30000,0.80000,0.08161
1.40000,0.80000,0.08098
1.50000,0.80000,0.08033
1.60000,0.80000,0.07966
1.70000,0.80000,0.07897
1.80000,0.80000,0.07828
1.90000,0.80000,0.07759
2.00000,0.80000,0.07689
2.10000,0.80000,0.07620
2.20000,0.80000,0.07551
2.30000,0.80000,0.07484
2.39000,0.80000,0.07418
2.49000,0.80000,0.07353
2.59000,0.80000,0.07291
2.69000,0.80000,0.07231
2.79000,0.80000,0.07174
2.89000,0.80000,0.07119
2.99000,0.80000,0.07068
3.09000,0.80000,0.07019
3.19000,0.80000,0.06974
3.29000,0.80000,0.06932
3.39000,0.80000,0.06893
3.49000,0.80000,0.06857
3.59000,0.80000,0.06824
3.69000,0.80000,0.06794
3.79000,0.80000,0.06766
3.89000,0.80000,0.06740
3.99000,0.80000,0.06716
4.09000,0.80000,0.06692
4.19000,0.80000,0.06669
4.29000,0.80000,0.06646
4.39000,0.80000,0.06621
4.49000,0.80000,0.06593
4.59000,0.80000,0.06562
4.69000,0.80000,0.06525
4.79000,0.80000,0.06481
4.89000,0.80000,0.06429
4.99000,0.80000,0.06364
5.09000,0.80000,0.06320
5.19000,0.80000,0.06292
5.29000,0.80000,0.06278
5.39000,0.80000,0.06275
5.49000,0.80000,0.06281
5.59000,0.80000,0.06294
5.69000,0.80000,0.06314
5.79000,0.80000,0.06339
5.89000,0.80000,0.06368
5.99000,0.80000,0.06401
6.09000,0.80000,0.06436
6.19000,0.80000,0.06472
6.29000,0.80000,0.06510
6.39000,0.80000,0.06548
6.49000,0.80000,0.06586
6.59000,0.80000,0.06624
6.69000,0.80000,0.06661
6.79000,0.80000,0.06697
6.89000,0.80000,0.06730
6.99000,0.80000,0.06762
7.09000,0.80000,0.06792
7.19000,0.80000,0.06820
7.29000,0.80000,0.06844
7.39000,0.80000,0.06866
7.49000,0.80000,0.06885
7.59000,0.80000,0.06901
7.69000,0.80000,0.06914
7.79000,0.80000,0.06925
7.89000,0.80000,0.06932
7.99000,0.80000,0.06937
8.09000,0.80000,0.06939
8.19000,0.80000,0.06939
8.29000,0.80000,0.06936
8.39000,0.80000,0.06932
8.49000,0.80000,0.06925
8.59000,0.80000,0.06918
8.69000,0.80000,0.06909
8.79000,0.80000,0.06899
8.89000,0.80000,0.06889
8.99000,0.80000,0.06879
9.09000,0.80000,0.06868
9.19000,0.80000,0.06858
9.29000,0.80000,0.06849
9.39000,0.80000,0.06841
9.50000,0.80000,0.06833
9.60000,0.80000,0.06827
9.70000,0.80000,0.06822
9.80000,0.80000,0.06819
9.90000,0.80000,0.06817
0.00000,0.90000,0.08678
0.10000,0.90000,0.08673
0.20000,0.90000,0.08661
0.30000,0.90000,0.08644
0.40000,0.90000,0.08622
0.50000,0.90000,0.08594
0.60000,0.90000,0.08561
0.70000,0.90000,0.08523
0.80000,0.90000,0.08481
0.90000,0.90000,0.08434
1.00000,0.90000,0.08383
1.10000,0.90000,0.08329
1.20000,0.90000,0.08271
1.30000,0.90000,0.08210
1.40000,0.90000,0.08147
1.50000,0.90000,0.08082
1.60000,0.90000,0.08014
1.70000,0.90000,0.07946
1.80000,0.90000,0.07876
1.90000,0.90000,0.07807
2.00000,0.90000,0.07737
2.10000,0.90000,0.07667
2.20000,0.90000,0.07598
2.30000,0.90000,0.07530
2.39000,0.90000,0.07464
2.49000,0.90000,0.07400
2.59000,0.90000,0.07337
2.69000,0.90000,0.07277
2.79000,0.90000,0.07220
2.89000,0.90000,0.07165
2.99000,0.90000,0.07113
3.09000,0.90000,0.07064
3.19000,0.90000,0.07019
3.29000,0.90000,0.06976
3.39000,0.90000,0.06937
3.49000,0.90000,0.06901
3.59000,0.90000,0.06867
3.69000,0.90000,0.06836
3.79000,0.90000,0.06808
3.89000,0.90000,0.06782
3.99000,0.90000,0.06757
4.09000,0.90000,0.06732
4.19000,0.90000,0.06709
4.29000,0.90000,0.06684
4.39000,0.90000,0.06658
4.49000,0.90000,0.06629
4.59000,0.90000,0.06597
4.69000,0.90000,0.06559
4.79000,0.90000,0.06513
4.89000,0.90000,0.06459
4.99000,0.90000,0.06393
5.09000,0.90000,0.06347
5.19000,0.90000,0.06318
5.29000,0.90000,0.06302
5.39000,0.90000,0.06297
5.49000,0.90000,0.06302
5.59000,0.90000,0.06314
5.69000,0.90000,0.06333
5.79000,0.90000,0.06356
5.89000,0.90000,0.06384
5.99000,0.90000,0.06416
6.09000,0.90000,0.06449
6.19000,0.90000,0.06485
6.29000,0.90000,0.06522
6.39000,0.90000,0.06559
6.49000,0.90000,0.06596
6.59000,0.90000,0.06633
6.69000,0.90000,0.06669
6.79000,0.90000,0.06704
6.89000,0.90000,0.06737
6.99000,0.90000,0.06769
7.09000,0.90000,0.06798
7.19000,0.90000,0.06825
7.29000,0.90000,0.06849
7.39000,0.90000,0.06871
7.49000,0.90000,0.06890
7.59000,0.90000,0.06906
7.69000,0.90000,0.06919
7.79000,0.90000,0.06929
7.89000,0.90000,0.06937
7.99000,0.90000,0.06942
8.09000,0.90000,0.06944
8.19000,0.90000,0.06944
8.29000,0.90000,0.06942
8.39000,0.90000,0.06938
8.49000,0.90000,0.06932
8.59000,0.90000,0.06925
8.69000,0.90000,0.06917
8.79000,0.90000,0.06908
8.89000,0.90000,0.06898
8.99000,0.90000,0.06888
9.09000,0.90000,0.06878
9.19000,0.90000,0.06869
9.29000,0.90000,0.06860
9.39000,0.90000,0.06851
9.50000,0.90000,0.06844
9.60000,0.90000,0.06838
9.70000,0.90000,0.06834
9.80000,0.90000,0.06831
9.90000,0.90000,0.06829
0.00000,1.00000,0.08736
0.10000,1.00000,0.08730
0.20000,1.00000,0.08719
0.30000,1.00000,0.08701
0.40000,1.00000,0.08679
0.50000,1.00000,0.08651
0.60000,1.00000,0.08618
0.70000,1.00000,0.08580
0.80000,1.00000,0.08537
0.90000,1.00000,0.08490
1.00000,1.00000,0.08439
1.10000,1.00000,0.08384
1.20000,1.00000,0.08326
1.30000,1.00000,0.08265
1.40000,1.00000,0.08201
1.50000,1.00000,0.08135
1.60000,1.00000,0.08068
1.70000,1.00000,0.07999
1.80000,1.00000,0.07929
1.90000,1.00000,0.07859
2.00000,1.00000,0.07789
2.10000,1.00000,0.07719
2.20000,1.00000,0.07650
2.30000,1.00000,0.07582
2.39000,1.00000,0.07515
2.49000,1.00000,0.07450
2.59000,1.00000,0.07388
2.69000,1.00000,0.07327
2.79000,1.00000,0.07270
2.89000,1.00000,0.07215
2.99000,1.00000,0.07162
3.09000,1.00000,0.07113
3.19000,1.00000,0.07067
3.29000,1.00000,0.07025
3.39000,1.00000,0.06985
3.49000,1.00000,0.06948
3.59000,1.00000,0.06914
3.69000,1.00000,0.06883
3.79000,1.00000,0.06854
3.89000,1.00000,0.06827
3.99000,1.00000,0.06801
4.09000,1.00000,0.06776
4.19000,1.00000,0.06751
4.29000,1.00000,0.06726
4.39000,1.00000,0.06699
4.49000,1.00000,0.06669
4.59000,1.00000,0.06635
4.69000,1.00000,0.06595
4.79000,1.00000,0.06548
4.89000,1.00000,0.06492
4.99000,1.00000,0.06424
5.09000,1.00000,0.06376
5.19000,1.00000,0.06345
5.29000,1.00000,0.06328
5.39000,1.00000,0.06321
5.49000,1.00000,0.06324
5.59000,1.00000,0.06335
5.69000,1.00000,0.06353
5.79000,1.00000,0.06375
5.89000,1.00000,0.06402
5.99000,1.00000,0.06432
6.09000,1.00000,0.06464
6.19000,1.00000,0.06498
6.29000,1.00000,0.06534
6.39000,1.00000,0.06570
6.49000,1.00000,0.06606
6.59000,1.00000,0.06642
6.69000,1.00000,0.06678
6.79000,1.00000,0.06712
6.89000,1.00000,0.06744
6.99000,1.00000,0.06775
7.09000,1.00000,0.06804
7.19000,1.00000,0.06830
7.29000,1.00000,0.06854
7.39000,1.00000,0.06876
7.49000,1.00000,0.06894
7.59000,1.00000,0.06910
7.69000,1.00000,0.06924
7.79000,1.00000,0.06934
7.89000,1.00000,0.06942
7.99000,1.00000,0.06947
8.09000,1.00000,0.06950
8.19000,1.00000,0.06950
8.29000,1.00000,0.06948
8.39000,1.00000,0.06945
8.49000,1.00000,0.06939
8.59000,1.00000,0.06933
8.69000,1.00000,0.06925
8.79000,1.00000,0.06916
8.89000,1.00000,0.06907
8.99000,1.00000,0.06898
9.09000,1.00000,0.06888
9.19000,1.00000,0.06879
9.29000,1.00000,0.06871
9.39000,1.00000,0.06863
9.50000,1.00000,0.06856
9.60000,1.00000,0.06850
9.70000,1.00000,0.06846
9.80000,1.00000,0.06843
9.90000,1.00000,0.06842
0.00000,1.10000,0.08798
0.10000,1.10000,0.08792
0.20000,1.10000,0.08781
0.30000,1.10000,0.08764
0.40000,1.10000,0.08741
0.50000,1.10000,0.08713
0.60000,1.10000,0.08679
0.70000,1.10000,0.08641
0.80000,1.10000,0.08598
0.90000,1.10000,0.08551
1.00000,1.10000,0.08499
1.10000,1.10000,0.08444
1.20000,1.10000,0.08386
1.30000,1.10000,0.08324
1.40000,1.10000,0.08260
1.50000,1.10000,0.08194
1.60000,1.10000,0.08126
1.70000,1.10000,0.08057
1.80000,1.10000,0.07987
1.90000,1.10000,0.07916
2.00000,1.10000,0.07845
2.10000,1.10000,0.07775
2.20000,1.10000,0.07706
2.30000,1.10000,0.07637
2.39000,1.10000,0.07570
2.49000,1.10000,0.07505
2.59000,1.10000,0.07442
2.69000,1.10000,0.07382
2.79000,1.10000,0.07324
2.89000,1.10000,0.07268
2.99000,1.10000,0.07216
3.09000,1.10000,0.07167
3.19000,1.10000,0.07120
3.29000,1.10000,0.07077
3.39000,1.10000,0.07037
3.49000,1.10000,0.07000
3.59000,1.10000,0.06965
3.69000,1.10000,0.06933
3.79000,1.10000,0.06904
3.89000,1.10000,0.06876
3.99000,1.10000,0.06849
4.09000,1.10000,0.06823
4.19000,1.10000,0.06797
4.29000,1.10000,0.06771
4.39000,1.10000,0.06742
4.49000,1.10000,0.06711
4.59000,1.10000,0.06675
4.69000,1.10000,0.06634
4.79000,1.10000,0.06585
4.89000,1.10000,0.06527
4.99000,1.10000,0.06457
5.09000,1.10000,0.06407
5.19000,1.10000,0.06374
5.29000,1.10000,0.06355
5.39000,1.10000,0.06347
5.49000,1.10000,0.06349
5.59000,1.10000,0.06358
5.69000,1.10000,0.06374
5.79000,1.10000,0.06395
5.89000,1.10000,0.06420
5.99000,1.10000,0.06448
6.09000,1.10000,0.06480
6.19000,1.10000,0.06513
6.29000,1.10000,0.06547
6.39000,1.10000,0.06582
6.49000,1.10000,0.06617
6.59000,1.10000,0.06652
6.69000,1.10000,0.06686
6.79000,1.10000,0.06720
6.89000,1.10000,0.06751
6.99000,1.10000,0.06782
7.09000,1.10000,0.06810
7.19000,1.10000,0.06836
7.29000,1.10000,0.06859
7.39000,1.10000,0.06881
7.49000,1.10000,0.06899
7.59000,1.10000,0.06915
7.69000,1.10000,0.06928
7.79000,1.10000,0.06939
7.89000,1.10000,0.06947
7.99000,1.10000,0.06952
8.09000,1.10000,0.06955
8.19000,1.10000,0.06956
8.29000,1.10000,0.06955
8.39000,1.10000,0.06952
8.49000,1.10000,0.06947
8.59000,1.10000,0.06941
8.69000,1.10000,0.06934
8.79000,1.10000,0.06926
8.89000,1.10000,0.06917
8.99000,1.10000,0.06908
9.09000,1.10000,0.06899
9.19000,1.10000,0.06891
9.29000,1.10000,0.06883
9.39000,1.10000,0.06875
9.50000,1.10000,0.06869
9.60000,1.10000,0.06863
9.70000,1.10000,0.06859
9.80000,1.10000,0.06856
9.90000,1.10000,0.06855
0.00000,1.20000,0.08865
0.10000,1.20000,0.08859
0.20000,1.20000,0.08848
0.30000,1.20000,0.08830
0.40000,1.20000,0.08807
0.50000,1.20000,0.08779
0.60000,1.20000,0.08745
0.70000,1.20000,0.08707
0.80000,1.20000,0.08664
0.90000,1.20000,0.08616
1.00000,1.20000,0.08564
1.10000,1.20000,0.08508
1.20000,1.20000,0.08449
1.30000,1.20000,0.08388
1.40000,1.20000,0.08323
1.50000,1.20000,0.08256
1.60000,1.20000,0.08188
1.70000,1.20000,0.08118
1.80000,1.20000,0.08048
1.90000,1.20000,0.07977
2.00000,1.20000,0.07906
2.10000,1.20000,0.07835
2.20000,1.20000,0.07766
2.30000,1.20000,0.07697
2.39000,1.20000,0.07630
2.49000,1.20000,0.07564
2.59000,1.20000,0.07501
2.69000,1.20000,0.07440
2.79000,1.20000,0.07382
2.89000,1.20000,0.07326
2.99000,1.20000,0.07273
3.09000,1.20000,0.07223
3.19000,1.20000,0.07177
3.29000,1.20000,0.07133
3.39000,1.20000,0.07092
3.49000,1.20000,0.07055
3.59000,1.20000,0.07020
3.69000,1.20000,0.06987
3.79000,1.20000,0.06956
3.89000,1.20000,0.06928
3.99000,1.20000,0.06900
4.09000,1.20000,0.06873
4.19000,1.20000,0.06846
4.29000,1.20000,0.06818
4.39000,1.20000,0.06789
4.49000,1.20000,0.06756
4.59000,1.20000,0.06718
4.69000,1.20000,0.06675
4.79000,1.20000,0.06624
4.89000,1.20000,0.06564
4.99000,1.20000,0.06492
5.09000,1.20000,0.06440
5.19000,1.20000,0.06405
5.29000,1.20000,0.06384
5.39000,1.20000,0.06375
5.49000,1.20000,0.06374
5.59000,1.20000,0.06382
5.69000,1.20000,0.06396
5.79000,1.20000,0.06415
5.89000,1.20000,0.06439
5.99000,1.20000,0.06466
6.09000,1.20000,0.06496
6.19000,1.20000,0.06527
6.29000,1.20000,0.06560
6.39000,1.20000,0.06594
6.49000,1.20000,0.06628
6.59000,1.20000,0.06662
6.69000,1.20000,0.06695
6.79000,1.20000,0.06728
6.89000,1.20000,0.06759
6.99000,1.20000,0.06788
7.09000,1.20000,0.06816
7.19000,1.20000,0.06841
7.29000,1.20000,0.06864
7.39000,1.20000,0.06885
7.49000,1.20000,0.06904
7.59000,1.20000,0.06920
7.69000,1.20000,0.06933
7.79000,1.20000,0.06943
7.89000,1.20000,0.06952
7.99000,1.20000,0.06957
8.09000,1.20000,0.06961
8.19000,1.20000,0.06962
8.29000,1.20000,0.06961
8.39000,1.20000,0.06959
8.49000,1.20000,0.06955
8.59000,1.20000,0.06949
8.69000,1.20000,0.06942
8.79000,1.20000,0.06935
8.89000,1.20000,0.06927
8.99000,1.20000,0.06919
9.09000,1.20000,0.06911
9.19000,1.20000,0.06902
9.29000,1.20000,0.06895
9.39000,1.20000,0.06888
9.50000,1.20000,0.06882
9.60000,1.20000,0.06877
9.70000,1.20000,0.06873
9.80000,1.20000,0.06870
9.90000,1.20000,0.06869
0.00000,1.30000,0.08937
0.10000,1.30000,0.08931
0.20000,1.30000,0.08919
0.30000,1.30000,0.08901
0.40000,1.30000,0.08878
0.50000,1.30000,0.08850
0.60000,1.30000,0.08816
0.70000,1.30000,0.08777
0.80000,1.30000,0.08733
0.90000,1.30000,0.08685
1.00000,1.30000,0.08633
1.10000,1.30000,0.08577
1.20000,1.30000,0.08518
1.30000,1.30000,0.08455
1.40000,1.30000,0.08390
1.50000,1.30000,0.08323
1.60000,1.30000,0.08254
1.70000,1.30000,0.08184
1.80000,1.30000,0.08113
1.90000,1.30000,0.08042
2.00000,1.30000,0.07971
2.10000,1.30000,0.07900
2.20000,1.30000,0.07829
2.30000,1.30000,0.07760
2.39000,1.30000,0.07693
2.49000,1.30000,0.07627
2.59000,1.30000,0.07563
2.69000,1.30000,0.07502
2.79000,1.30000,0.07443
2.89000,1.30000,0.07387
2.99000,1.30000,0.07334
3.09000,1.30000,0.07284
3.19000,1.30000,0.07237
3.29000,1.30000,0.07192
3.39000,1.30000,0.07151
3.49000,1.30000,0.07113
3.59000,1.30000,0.07077
3.69000,1.30000,0.07044
3.79000,1.30000,0.07012
3.89000,1.30000,0.06983
3.99000,1.30000,0.06954
4.09000,1.30000,0.06926
4.19000,1.30000,0.06898
4.29000,1.30000,0.06869
4.39000,1.30000,0.06837
4.49000,1.30000,0.06803
4.59000,1.30000,0.06764
4.69000,1.30000,0.06719
4.79000,1.30000,0.06666
4.89000,1.30000,0.06603
4.99000,1.30000,0.06529
5.09000,1.30000,0.06475
5.19000,1.30000,0.06438
5.29000,1.30000,0.06415
5.39000,1.30000,0.06403
5.49000,1.30000,0.06401
5.59000,1.30000,0.06407
5.69000,1.30000,0.06419
5.79000,1.30000,0.06437
5.89000,1.30000,0.06459
5.99000,1.30000,0.06484
6.09000,1.30000,0.06512
6.19000,1.30000,0.06543
6.29000,1.30000,0.06574
6.39000,1.30000,0.06607
6.49000,1.30000,0.06639
6.59000,1.30000,0.06672
6.69000,1.30000,0.06704
6.79000,1.30000,0.06736
6.89000,1.30000,0.06766
6.99000,1.30000,0.06794
7.09000,1.30000,0.06821
7.19000,1.30000,0.06846
7.29000,1.30000,0.06869
7.39000,1.30000,0.06890
7.49000,1.30000,0.06908
7.59000,1.30000,0.06924
7.69000,1.30000,0.06937
7.79000,1.30000,0.06948
7.89000,1.30000,0.06956
7.99000,1.30000,0.06962
8.09000,1.30000,0.06966
8.19000,1.30000,0.06968
8.29000,1.30000,0.06968
8.39000,1.30000,0.06966
8.49000,1.30000,0.06962
8.59000,1.30000,0.06957
8.69000,1.30000,0.06951
8.79000,1.30000,0.06945
8.89000,1.30000,0.06937
8.99000,1.30000,0.06930
9.09000,1.30000,0.06922
9.19000,1.30000,0.06915
9.29000,1.30000,0.06907
9.39000,1.30000,0.06901
9.50000,1.30000,0.06895
9.60000,1.30000,0.06890
9.70000,1.30000,0.06887
9.80000,1.30000,0.06884
9.90000,1.30000,0.06883
0.00000,1.40000,0.09012
0.10000,1.40000,0.09006
0.20000,1.40000,0.08994
0.30000,1.40000,0.08977
0.40000,1.40000,0.08953
0.50000,1.40000,0.08924
0.60000,1.40000,0.08890
0.70000,1.40000,0.08851
0.80000,1.40000,0.08807
0.90000,1.40000,0.08759
1.00000,1.40000,0.08706
1.10000,1.40000,0.08649
1.20000,1.40000,0.08590
1.30000,1.40000,0.08527
1.40000,1.40000,0.08461
1.50000,1.40000,0.08394
1.60000,1.40000,0.08324
1.70000,1.40000,0.08254
1.80000,1.40000,0.08182
1.90000,1.40000,0.08111
2.00000,1.40000,0.08039
2.10000,1.40000,0.07967
2.20000,1.40000,0.07897
2.30000,1.40000,0.07827
2.39000,1.40000,0.07759
2.49000,1.40000,0.07693
2.59000,1.40000,0.07629
2.69000,1.40000,0.07567
2.79000,1.40000,0.07508
2.89000,1.40000,0.07451
2.99000,1.40000,0.07398
3.09000,1.40000,0.07347
3.19000,1.40000,0.07300
3.29000,1.40000,0.07255
3.39000,1.40000,0.07213
3.49000,1.40000,0.07174
3.59000,1.40000,0.07138
3.69000,1.40000,0.07103
3.79000,1.40000,0.07071
3.89000,1.40000,0.07041
3.99000,1.40000,0.07011
4.09000,1.40000,0.06982
4.19000,1.40000,0.06952
4.29000,1.40000,0.06921
4.39000,1.40000,0.06889
4.49000,1.40000,0.06852
4.59000,1.40000,0.06811
4.69000,1.40000,0.06764
4.79000,1.40000,0.06709
4.89000,1.40000,0.06644
4.99000,1.40000,0.06567
5.09000,1.40000,0.06511
5.19000,1.40000,0.06471
5.29000,1.40000,0.06446
5.39000,1.40000,0.06433
5.49000,1.40000,0.06429
5.59000,1.40000,0.06432
5.69000,1.40000,0.06443
5.79000,1.40000,0.06459
5.89000,1.40000,0.06479
5.99000,1.40000,0.06503
6.09000,1.40000,0.06529
6.19000,1.40000,0.06558
6.29000,1.40000,0.06588
6.39000,1.40000,0.06619
6.49000,1.40000,0.06651
6.59000,1.40000,0.06682
6.69000,1.40000,0.06713
6.79000,1.40000,0.06744
6.89000,1.40000,0.06773
6.99000,1.40000,0.06801
7.09000,1.40000,0.06827
7.19000,1.40000,0.06851
7.29000,1.40000,0.06874
7.39000,1.40000,0.06894
7.49000,1.40000,0.06912
7.59000,1.40000,0.06928
7.69000,1.40000,0.06941
7.79000,1.40000,0.06952
7.89000,1.40000,0.06961
7.99000,1.40000,0.06967
8.09000,1.40000,0.06971
8.19000,1.40000,0.06974
8.29000,1.40000,0.06974
8.39000,1.40000,0.06973
8.49000,1.40000,0.06970
8.59000,1.40000,0.06965
8.69000,1.40000,0.06960
8.79000,1.40000,0.06954
8.89000,1.40000,0.06948
8.99000,1.40000,0.06941
9.09000,1.40000,0.06934
9.19000,1.40000,0.06927
9.29000,1.40000,0.06920
9.39000,1.40000,0.06914
9.50000,1.40000,0.06909
9.60000,1.40000,0.06904
9.70000,1.40000,0.06901
9.80000,1.40000,0.06899
9.90000,1.40000,0.06897
0.00000,1.50000,0.09092
0.10000,1.50000,0.09086
0.20000,1.50000,0.09074
0.30000,1.50000,0.09056
0.40000,1.50000,0.09032
0.50000,1.50000,0.09003
0.60000,1.50000,0.08969
0.70000,1.50000,0.08929
0.80000,1.50000,0.08885
0.90000,1.50000,0.08836
1.00000,1.50000,0.08782
1.10000,1.50000,0.08726
1.20000,1.50000,0.08665
1.30000,1.50000,0.08602
1.40000,1.50000,0.08536
1.50000,1.50000,0.08468
1.60000,1.50000,0.08398
1.70000,1.50000,0.08327
1.80000,1.50000,0.08255
1.90000,1.50000,0.08183
2.00000,1.50000,0.08110
2.10000,1.50000,0.08038
2.20000,1.50000,0.07967
2.30000,1.50000,0.07897
2.39000,1.50000,0.07829
2.49000,1.50000,0.07762
2.59000,1.50000,0.07698
2.69000,1.50000,0.07635
2.79000,1.50000,0.07576
2.89000,1.50000,0.07519
2.99000,1.50000,0.07465
3.09000,1.50000,0.07414
3.19000,1.50000,0.07365
3.29000,1.50000,0.07320
3.39000,1.50000,0.07278
3.49000,1.50000,0.07238
3.59000,1.50000,0.07201
3.69000,1.50000,0.07166
3.79000,1.50000,0.07132
3.89000,1.50000,0.07101
3.99000,1.50000,0.07070
4.09000,1.50000,0.07039
4.19000,1.50000,0.07009
4.29000,1.50000,0.06976
4.39000,1.50000,0.06942
4.49000,1.50000,0.06904
4.59000,1.50000,0.06861
4.69000,1.50000,0.06811
4.79000,1.50000,0.06754
4.89000,1.50000,0.06686
4.99000,1.50000,0.06606
5.09000,1.50000,0.06548
5.19000,1.50000,0.06506
5.29000,1.50000,0.06479
5.39000,1.50000,0.06463
5.49000,1.50000,0.06457
5.59000,1.50000,0.06459
5.69000,1.50000,0.06467
5.79000,1.50000,0.06481
5.89000,1.50000,0.06500
5.99000,1.50000,0.06522
6.09000,1.50000,0.06547
6.19000,1.50000,0.06574
6.29000,1.50000,0.06602
6.39000,1.50000,0.06632
6.49000,1.50000,0.06662
6.59000,1.50000,0.06692
6.69000,1.50000,0.06722
6.79000,1.50000,0.06751
6.89000,1.50000,0.06780
6.99000,1.50000,0.06807
7.09000,1.50000,0.06832
7.19000,1.50000,0.06856
7.29000,1.50000,0.06878
7.39000,1.50000,0.06898
7.49000,1.50000,0.06916
7.59000,1.50000,0.06931
7.69000,1.50000,0.06945
7.79000,1.50000,0.06956
7.89000,1.50000,0.06965
7.99000,1.50000,0.06972
8.09000,1.50000,0.06976
8.19000,1.50000,0.06979
8.29000,1.50000,0.06980
8.39000,1.50000,0.06979
8.49000,1.50000,0.06977
8.59000,1.50000,0.06974
8.69000,1.50000,0.06969
8.79000,1.50000,0.06964
8.89000,1.50000,0.06958
8.99000,1.50000,0.06952
9.09000,1.50000,0.06945
9.19000,1.50000,0.06939
9.29000,1.50000,0.06933
9.39000,1.50000,0.06927
9.50000,1.50000,0.06923
9.60000,1.50000,0.06919
9.70000,1.50000,0.06915
9.80000,1.50000,0.06913
9.90000,1.50000,0.06912
0.00000,1.60000,0.09174
0.10000,1.60000,0.09168
0.20000,1.60000,0.09156
0.30000,1.60000,0.09138
0.40000,1.60000,0.09114
0.50000,1.60000,0.09085
0.60000,1.60000,0.09050
0.70000,1.60000,0.09010
0.80000,1.60000,0.08965
0.90000,1.60000,0.08916
1.00000,1.60000,0.08862
1.10000,1.60000,0.08805
1.20000,1.60000,0.08744
1.30000,1.60000,0.08680
1.40000,1.60000,0.08614
1.50000,1.60000,0.08545
1.60000,1.60000,0.08475
1.70000,1.60000,0.08403
1.80000,1.60000,0.08330
1.90000,1.60000,0.08258
2.00000,1.60000,0.08185
2.10000,1.60000,0.08112
2.20000,1.60000,0.08041
2.30000,1.60000,0.07970
2.39000,1.60000,0.07901
2.49000,1.60000,0.07834
2.59000,1.60000,0.07769
2.69000,1.60000,0.07706
2.79000,1.60000,0.07646
2.89000,1.60000,0.07589
2.99000,1.60000,0.07534
3.09000,1.60000,0.07482
3.19000,1.60000,0.07434
3.29000,1.60000,0.07388
3.39000,1.60000,0.07345
3.49000,1.60000,0.07304
3.59000,1.60000,0.07266
3.69000,1.60000,0.07230
3.79000,1.60000,0.07196
3.89000,1.60000,0.07163
3.99000,1.60000,0.07131
4.09000,1.60000,0.07099
4.19000,1.60000,0.07067
4.29000,1.60000,0.07033
4.39000,1.60000,0.06997
4.49000,1.60000,0.06957
4.59000,1.60000,0.06912
4.69000,1.60000,0.06860
4.79000,1.60000,0.06800
4.89000,1.60000,0.06730
4.99000,1.60000,0.06647
5.09000,1.60000,0.06586
5.19000,1.60000,0.06542
5.29000,1.60000,0.06512
5.39000,1.60000,0.06494
5.49000,1.60000,0.06486
5.59000,1.60000,0.06486
5.69000,1.60000,0.06492
5.79000,1.60000,0.06504
5.89000,1.60000,0.06521
5.99000,1.60000,0.06541
6.09000,1.60000,0.06564
6.19000,1.60000,0.06589
6.29000,1.60000,0.06616
6.39000,1.60000,0.06644
6.49000,1.60000,0.06673
6.59000,1.60000,0.06702
6.69000,1.60000,0.06730
6.79000,1.60000,0.06759
6.89000,1.60000,0.06786
6.99000,1.60000,0.06812
7.09000,1.60000,0.06837
7.19000,1.60000,0.06860
7.29000,1.60000,0.06882
7.39000,1.60000,0.06901
7.49000,1.60000,0.06919
7.59000,1.60000,0.06935
7.69000,1.60000,0.06948
7.79000,1.60000,0.06959
7.89000,1.60000,0.06969
7.99000,1.60000,0.06976
8.09000,1.60000,0.06981
8.19000,1.60000,0.06984
8.29000,1.60000,0.06986
8.39000,1.60000,0.06986
8.49000,1.60000,0.06984
8.59000,1.60000,0.06981
8.69000,1.60000,0.06978
8.79000,1.60000,0.06973
8.89000,1.60000,0.06968
8.99000,1.60000,0.06962
9.09000,1.60000,0.06957
9.19000,1.60000,0.06951
9.29000,1.60000,0.06946
9.39000,1.60000,0.06941
9.50000,1.60000,0.06936
9.60000,1.60000,0.06933
9.70000,1.60000,0.06930
9.80000,1.60000,0.06928
9.90000,1.60000,0.06927
0.00000,1.70000,0.09260
0.10000,1.70000,0.09254
0.20000,1.70000,0.09242
0.30000,1.70000,0.09224
0.40000,1.70000,0.09200
0.50000,1.70000,0.09170
0.60000,1.70000,0.09135
0.70000,1.70000,0.09095
0.80000,1.70000,0.09049
0.90000,1.70000,0.08999
1.00000,1.70000,0.08945
1.10000,1.70000,0.08887
1.20000,1.70000,0.08826
1.30000,1.70000,0.08761
1.40000,1.70000,0.08694
1.50000,1.70000,0.08625
1.60000,1.70000,0.08554
1.70000,1.70000,0.08482
1.80000,1.70000,0.08409
1.90000,1.70000,0.08335
2.00000,1.70000,0.08262
2.10000,1.70000,0.08189
2.20000,1.70000,0.08117
2.30000,1.70000,0.08046
2.39000,1.70000,0.07976
2.49000,1.70000,0.07909
2.59000,1.70000,0.07843
2.69000,1.70000,0.07780
2.79000,1.70000,0.07719
2.89000,1.70000,0.07661
2.99000,1.70000,0.07606
3.09000,1.70000,0.07554
3.19000,1.70000,0.07504
3.29000,1.70000,0.07458
3.39000,1.70000,0.07414
3.49000,1.70000,0.07372
3.59000,1.70000,0.07333
3.69000,1.70000,0.07296
3.79000,1.70000,0.07261
3.89000,1.70000,0.07227
3.99000,1.70000,0.07194
4.09000,1.70000,0.07161
4.19000,1.70000,0.07127
4.29000,1.70000,0.07091
4.39000,1.70000,0.07053
4.49000,1.70000,0.07011
4.59000,1.70000,0.06964
4.69000,1.70000,0.06910
4.79000,1.70000,0.06847
4.89000,1.70000,0.06774
4.99000,1.70000,0.06689
5.09000,1.70000,0.06624
5.19000,1.70000,0.06578
5.29000,1.70000,0.06546
5.39000,1.70000,0.06525
5.49000,1.70000,0.06515
5.59000,1.70000,0.06513
5.69000,1.70000,0.06517
5.79000,1.70000,0.06527
5.89000,1.70000,0.06542
5.99000,1.70000,0.06560
6.09000,1.70000,0.06581
6.19000,1.70000,0.06605
6.29000,1.70000,0.06630
6.39000,1.70000,0.06656
6.49000,1.70000,0.06684
6.59000,1.70000,0.06711
6.69000,1.70000,0.06739
6.79000,1.70000,0.06766
6.89000,1.70000,0.06792
6.99000,1.70000,0.06817
7.09000,1.70000,0.06841
7.19000,1.70000,0.06864
7.29000,1.70000,0.06885
7.39000,1.70000,0.06904
7.49000,1.70000,0.06922
7.59000,1.70000,0.06937
7.69000,1.70000,0.06951
7.79000,1.70000,0.06962
7.89000,1.70000,0.06972
7.99000,1.70000,0.06979
8.09000,1.70000,0.06985
8.19000,1.70000,0.06989
8.29000,1.70000,0.06991
8.39000,1.70000,0.06991
8.49000,1.70000,0.06991
8.59000,1.70000,0.06989
8.69000,1.70000,0.06986
8.79000,1.70000,0.06982
8.89000,1.70000,0.06978
8.99000,1.70000,0.06973
9.09000,1.70000,0.06968
9.19000,1.70000,0.06963
9.29000,1.70000,0.06958
9.39000,1.70000,0.06954
9.50000,1.70000,0.06950
9.60000,1.70000,0.06947
9.70000,1.70000,0.06944
9.80000,1.70000,0.06942
9.90000,1.70000,0.06941
0.00000,1.80000,0.09349
0.10000,1.80000,0.09343
0.20000,1.80000,0.09331
0.30000,1.80000,0.09312
0.40000,1.80000,0.09288
0.50000,1.80000,0.09258
0.60000,1.80000,0.09222
0.70000,1.80000,0.09181
0.80000,1.80000,0.09136
0.90000,1.80000,0.09085
1.00000,1.80000,0.09031
1.10000,1.80000,0.08972
1.20000,1.80000,0.08910
1.30000,1.80000,0.08845
1.40000,1.80000,0.08777
1.50000,1.80000,0.08707
1.60000,1.80000,0.08636
1.70000,1.80000,0.08563
1.80000,1.80000,0.08489
1.90000,1.80000,0.08415
2.00000,1.80000,0.08341
2.10000,1.80000,0.08268
2.20000,1.80000,0.08195
2.30000,1.80000,0.08123
2.39000,1.80000,0.08053
2.49000,1.80000,0.07985
2.59000,1.80000,0.07919
2.69000,1.80000,0.07855
2.79000,1.80000,0.07794
2.89000,1.80000,0.07736
2.99000,1.80000,0.07680
3.09000,1.80000,0.07627
3.19000,1.80000,0.07577
3.29000,1.80000,0.07529
3.39000,1.80000,0.07485
3.49000,1.80000,0.07442
3.59000,1.80000,0.07403
3.69000,1.80000,0.07365
3.79000,1.80000,0.07328
3.89000,1.80000,0.07293
3.99000,1.80000,0.07258
4.09000,1.80000,0.07223
4.19000,1.80000,0.07188
4.29000,1.80000,0.07150
4.39000,1.80000,0.07110
4.49000,1.80000,0.07066
4.59000,1.80000,0.07017
4.69000,1.80000,0.06960
4.79000,1.80000,0.06895
4.89000,1.80000,0.06819
4.99000,1.80000,0.06731
5.09000,1.80000,0.06664
5.19000,1.80000,0.06614
5.29000,1.80000,0.06580
5.39000,1.80000,0.06557
5.49000,1.80000,0.06544
5.59000,1.80000,0.06540
5.69000,1.80000,0.06542
5.79000,1.80000,0.06550
5.89000,1.80000,0.06562
5.99000,1.80000,0.06579
6.09000,1.80000,0.06598
6.19000,1.80000,0.06620
6.29000,1.80000,0.06643
6.39000,1.80000,0.06668
6.49000,1.80000,0.06694
6.59000,1.80000,0.06720
6.69000,1.80000,0.06746
6.79000,1.80000,0.06772
6.89000,1.80000,0.06797
6.99000,1.80000,0.06822
7.09000,1.80000,0.06845
7.19000,1.80000,0.06867
7.29000,1.80000,0.06888
7.39000,1.80000,0.06907
7.49000,1.80000,0.06924
7.59000,1.80000,0.06939
7.69000,1.80000,0.06953
7.79000,1.80000,0.06965
7.89000,1.80000,0.06974
7.99000,1.80000,0.06982
8.09000,1.80000,0.06988
8.19000,1.80000,0.06993
8.29000,1.80000,0.06996
8.39000,1.80000,0.06997
8.49000,1.80000,0.06997
8.59000,1.80000,0.06996
8.69000,1.80000,0.06994
8.79000,1.80000,0.06991
8.89000,1.80000,0.06987
8.99000,1.80000,0.06983
9.09000,1.80000,0.06979
9.19000,1.80000,0.06975
9.29000,1.80000,0.06971
9.39000,1.80000,0.06967
9.50000,1.80000,0.06963
9.60000,1.80000,0.06960
9.70000,1.80000,0.06958
9.80000,1.80000,0.06956
9.90000,1.80000,0.06956
0.00000,1.90000,0.09440
0.10000,1.90000,0.09434
0.20000,1.90000,0.09421
0.30000,1.90000,0.09403
0.40000,1.90000,0.09378
0.50000,1.90000,0.09348
0.60000,1.90000,0.09312
0.70000,1.90000,0.09271
0.80000,1.90000,0.09224
0.90000,1.90000,0.09174
1.00000,1.90000,0.09118
1.10000,1.90000,0.09059
1.20000,1.90000,0.08997
1.30000,1.90000,0.08931
1.40000,1.90000,0.08863
1.50000,1.90000,0.08792
1.60000,1.90000,0.08720
1.70000,1.90000,0.08646
1.80000,1.90000,0.08572
1.90000,1.90000,0.08497
2.00000,1.90000,0.08423
2.10000,1.90000,0.08348
2.20000,1.90000,0.08275
2.30000,1.90000,0.08203
2.39000,1.90000,0.08132
2.49000,1.90000,0.08064
2.59000,1.90000,0.07997
2.69000,1.90000,0.07933
2.79000,1.90000,0.07871
2.89000,1.90000,0.07812
2.99000,1.90000,0.07755
3.09000,1.90000,0.07702
3.19000,1.90000,0.07651
3.29000,1.90000,0.07603
3.39000,1.90000,0.07557
3.49000,1.90000,0.07514
3.59000,1.90000,0.07473
3.69000,1.90000,0.07434
3.79000,1.90000,0.07396
3.89000,1.90000,0.07360
3.99000,1.90000,0.07324
4.09000,1.90000,0.07287
4.19000,1.90000,0.07250
4.29000,1.90000,0.07211
4.39000,1.90000,0.07169
4.49000,1.90000,0.07122
4.59000,1.90000,0.07070
4.69000,1.90000,0.07012
4.79000,1.90000,0.06944
4.89000,1.90000,0.06865
4.99000,1.90000,0.06773
5.09000,1.90000,0.06703
5.19000,1.90000,0.06651
5.29000,1.90000,0.06614
5.39000,1.90000,0.06589
5.49000,1.90000,0.06574
5.59000,1.90000,0.06567
5.69000,1.90000,0.06567
5.79000,1.90000,0.06573
5.89000,1.90000,0.06583
5.99000,1.90000,0.06597
6.09000,1.90000,0.06615
6.19000,1.90000,0.06635
6.29000,1.90000,0.06656
6.39000,1.90000,0.06680
6.49000,1.90000,0.06704
6.59000,1.90000,0.06728
6.69000,1.90000,0.06753
6.79000,1.90000,0.06778
6.89000,1.90000,0.06802
6.99000,1.90000,0.06826
7.09000,1.90000,0.06848
7.19000,1.90000,0.06870
7.29000,1.90000,0.06890
7.39000,1.90000,0.06908
7.49000,1.90000,0.06925
7.59000,1.90000,0.06941
7.69000,1.90000,0.06954
7.79000,1.90000,0.06966
7.89000,1.90000,0.06976
7.99000,1.90000,0.06985
8.09000,1.90000,0.06991
8.19000,1.90000,0.06996
8.29000,1.90000,0.07000
8.39000,1.90000,0.07002
8.49000,1.90000,0.07003
8.59000,1.90000,0.07002
8.69000,1.90000,0.07001
8.79000,1.90000,0.06999
8.89000,1.90000,0.06996
8.99000,1.90000,0.06993
9.09000,1.90000,0.06990
9.19000,1.90000,0.06986
9.29000,1.90000,0.06983
9.39000,1.90000,0.06979
9.50000,1.90000,0.06976
9.60000,1.90000,0.06974
9.70000,1.90000,0.06972
9.80000,1.90000,0.06970
9.90000,1.90000,0.06970
0.00000,2.00000,0.09533
0.10000,2.00000,0.09527
0.20000,2.00000,0.09514
0.30000,2.00000,0.09495
0.40000,2.00000,0.09470
0.50000,2.00000,0.09440
0.60000,2.00000,0.09403
0.70000,2.00000,0.09362
0.80000,2.00000,0.09315
0.90000,2.00000,0.09264
1.00000,2.00000,0.09208
1.10000,2.00000,0.09148
1.20000,2.00000,0.09085
1.30000,2.00000,0.09018
1.40000,2.00000,0.08949
1.50000,2.00000,0.08878
1.60000,2.00000,0.08805
1.70000,2.00000,0.08731
1.80000,2.00000,0.08656
1.90000,2.00000,0.08581
2.00000,2.00000,0.08506
2.10000,2.00000,0.08431
2.20000,2.00000,0.08357
2.30000,2.00000,0.08284
2.39000,2.00000,0.08213
2.49000,2.00000,0.08144
2.59000,2.00000,0.08076
2.69000,2.00000,0.08011
2.79000,2.00000,0.07949
2.89000,2.00000,0.07889
2.99000,2.00000,0.07832
3.09000,2.00000,0.07778
3.19000,2.00000,0.07726
3.29000,2.00000,0.07677
3.39000,2.00000,0.07631
3.49000,2.00000,0.07586
3.59000,2.00000,0.07545
3.69000,2.00000,0.07504
3.79000,2.00000,0.07466
3.89000,2.00000,0.07428
3.99000,2.00000,0.07390
4.09000,2.00000,0.07352
4.19000,2.00000,0.07313
4.29000,2.00000,0.07272
4.39000,2.00000,0.07227
4.49000,2.00000,0.07179
4.59000,2.00000,0.07125
4.69000,2.00000,0.07063
4.79000,2.00000,0.06993
4.89000,2.00000,0.06911
4.99000,2.00000,0.06815
5.09000,2.00000,0.06743
5.19000,2.00000,0.06688
5.29000,2.00000,0.06648
5.39000,2.00000,0.06620
5.49000,2.00000,0.06603
5.59000,2.00000,0.06594
5.69000,2.00000,0.06591
5.79000,2.00000,0.06595
5.89000,2.00000,0.06603
5.99000,2.00000,0.06616
6.09000,2.00000,0.06631
6.19000,2.00000,0.06649
6.29000,2.00000,0.06669
6.39000,2.00000,0.06690
6.49000,2.00000,0.06713
6.59000,2.00000,0.06736
6.69000,2.00000,0.06760
6.79000,2.00000,0.06783
6.89000,2.00000,0.06806
6.99000,2.00000,0.06829
7.09000,2.00000,0.06851
7.19000,2.00000,0.06872
7.29000,2.00000,0.06891
7.39000,2.00000,0.06909
7.49000,2.00000,0.06926
7.59000,2.00000,0.06942
7.69000,2.00000,0.06955
7.79000,2.00000,0.06967
7.89000,2.00000,0.06978
7.99000,2.00000,0.06986
8.09000,2.00000,0.06994
8.19000,2.00000,0.06999
8.29000,2.00000,0.07003
8.39000,2.00000,0.07006
8.49000,2.00000,0.07008
8.59000,2.00000,0.07008
8.69000,2.00000,0.07008
8.79000,2.00000,0.07007
8.89000,2.00000,0.07005
8.99000,2.00000,0.07002
9.09000,2.00000,0.07000
9.19000,2.00000,0.06997
9.29000,2.00000,0.06994
9.39000,2.00000,0.06991
9.50000,2.00000,0.06989
9.60000,2.00000,0.06987
9.70000,2.00000,0.06985
9.80000,2.00000,0.06984
9.90000,2.00000,0.06983
0.00000,2.10000,0.09627
0.10000,2.10000,0.09621
0.20000,2.10000,0.09608
0.30000,2.10000,0.09589
0.40000,2.10000,0.09564
0.50000,2.10000,0.09533
0.60000,2.10000,0.09496
0.70000,2.10000,0.09454
0.80000,2.10000,0.09407
0.90000,2.10000,0.09355
1.00000,2.10000,0.09299
1.10000,2.10000,0.09238
1.20000,2.10000,0.09174
1.30000,2.10000,0.09107
1.40000,2.10000,0.09038
1.50000,2.10000,0.08966
1.60000,2.10000,0.08892
1.70000,2.10000,0.08817
1.80000,2.10000,0.08742
1.90000,2.10000,0.08666
2.00000,2.10000,0.08590
2.10000,2.10000,0.08514
2.20000,2.10000,0.08440
2.30000,2.10000,0.08366
2.39000,2.10000,0.08295
2.49000,2.10000,0.08225
2.59000,2.10000,0.08157
2.69000,2.10000,0.08091
2.79000,2.10000,0.08028
2.89000,2.10000,0.07967
2.99000,2.10000,0.07910
3.09000,2.10000,0.07855
3.19000,2.10000,0.07802
3.29000,2.10000,0.07752
3.39000,2.10000,0.07705
3.49000,2.10000,0.07660
3.59000,2.10000,0.07617
3.69000,2.10000,0.07575
3.79000,2.10000,0.07535
3.89000,2.10000,0.07496
3.99000,2.10000,0.07457
4.09000,2.10000,0.07417
4.19000,2.10000,0.07376
4.29000,2.10000,0.07333
4.39000,2.10000,0.07287
4.49000,2.10000,0.07236
4.59000,2.10000,0.07179
4.69000,2.10000,0.07115
4.79000,2.10000,0.07041
4.89000,2.10000,0.06957
4.99000,2.10000,0.06858
5.09000,2.10000,0.06782
5.19000,2.10000,0.06725
5.29000,2.10000,0.06682
5.39000,2.10000,0.06652
5.49000,2.10000,0.06632
5.59000,2.10000,0.06620
5.69000,2.10000,0.06616
5.79000,2.10000,0.06617
5.89000,2.10000,0.06623
5.99000,2.10000,0.06633
6.09000,2.10000,0.06647
6.19000,2.10000,0.06663
6.29000,2.10000,0.06681
6.39000,2.10000,0.06701
6.49000,2.10000,0.06722
6.59000,2.10000,0.06743
6.69000,2.10000,0.06766
6.79000,2.10000,0.06788
6.89000,2.10000,0.06810
6.99000,2.10000,0.06832
7.09000,2.10000,0.06853
7.19000,2.10000,0.06873
7.29000,2.10000,0.06892
7.39000,2.10000,0.06910
7.49000,2.10000,0.06926
7.59000,2.10000,0.06942
7.69000,2.10000,0.06955
7.79000,2.10000,0.06968
7.89000,2.10000,0.06978
7.99000,2.10000,0.06988
8.09000,2.10000,0.06995
8.19000,2.10000,0.07002
8.29000,2.10000,0.07006
8.39000,2.10000,0.07010
8.49000,2.10000,0.07012
8.59000,2.10000,0.07014
8.69000,2.10000,0.07014
8.79000,2.10000,0.07014
8.89000,2.10000,0.07013
8.99000,2.10000,0.07011
9.09000,2.10000,0.07009
9.19000,2.10000,0.07007
9.29000,2.10000,0.07005
9.39000,2.10000,0.07003
9.50000,2.10000,0.07001
9.60000,2.10000,0.06999
9.70000,2.10000,0.06998
9.80000,2.10000,0.06997
9.90000,2.10000,0.06997
0.00000,2.20000,0.09722
0.10000,2.20000,0.09716
0.20000,2.20000,0.09703
0.30000,2.20000,0.09684
0.40000,2.20000,0.09658
0.50000,2.20000,0.09627
0.60000,2.20000,0.09590
0.70000,2.20000,0.09547
0.80000,2.20000,0.09500
0.90000,2.20000,0.09447
1.00000,2.20000,0.09390
1.10000,2.20000,0.09329
1.20000,2.20000,0.09265
1.30000,2.20000,0.09197
1.40000,2.20000,0.09127
1.50000,2.20000,0.09054
1.60000,2.20000,0.08980
1.70000,2.20000,0.08905
1.80000,2.20000,0.08828
1.90000,2.20000,0.08752
2.00000,2.20000,0.08675
2.10000,2.20000,0.08599
2.20000,2.20000,0.08524
2.30000,2.20000,0.08450
2.39000,2.20000,0.08377
2.49000,2.20000,0.08306
2.59000,2.20000,0.08238
2.69000,2.20000,0.08172
2.79000,2.20000,0.08108
2.89000,2.20000,0.08047
2.99000,2.20000,0.07988
3.09000,2.20000,0.07932
3.19000,2.20000,0.07879
3.29000,2.20000,0.07828
3.39000,2.20000,0.07780
3.49000,2.20000,0.07734
3.59000,2.20000,0.07690
3.69000,2.20000,0.07647
3.79000,2.20000,0.07605
3.89000,2.20000,0.07565
3.99000,2.20000,0.07524
4.09000,2.20000,0.07483
4.19000,2.20000,0.07440
4.29000,2.20000,0.07395
4.39000,2.20000,0.07346
4.49000,2.20000,0.07293
4.59000,2.20000,0.07233
4.69000,2.20000,0.07167
4.79000,2.20000,0.07090
4.89000,2.20000,0.07002
4.99000,2.20000,0.06900
5.09000,2.20000,0.06821
5.19000,2.20000,0.06761
5.29000,2.20000,0.06716
5.39000,2.20000,0.06683
5.49000,2.20000,0.06660
5.59000,2.20000,0.06646
5.69000,2.20000,0.06639
5.79000,2.20000,0.06638
5.89000,2.20000,0.06642
5.99000,2.20000,0.06650
6.09000,2.20000,0.06662
6.19000,2.20000,0.06676
6.29000,2.20000,0.06692
6.39000,2.20000,0.06710
6.49000,2.20000,0.06730
6.59000,2.20000,0.06750
6.69000,2.20000,0.06771
6.79000,2.20000,0.06792
6.89000,2.20000,0.06813
6.99000,2.20000,0.06834
7.09000,2.20000,0.06854
7.19000,2.20000,0.06873
7.29000,2.20000,0.06892
7.39000,2.20000,0.06910
7.49000,2.20000,0.06926
7.59000,2.20000,0.06941
7.69000,2.20000,0.06955
7.79000,2.20000,0.06968
7.89000,2.20000,0.06979
7.99000,2.20000,0.06988
8.09000,2.20000,0.06996
8.19000,2.20000,0.07003
8.29000,2.20000,0.07009
8.39000,2.20000,0.07013
8.49000,2.20000,0.07016
8.59000,2.20000,0.07019
8.69000,2.20000,0.07020
8.79000,2.20000,0.07020
8.89000,2.20000,0.07020
8.99000,2.20000,0.07019
9.09000,2.20000,0.07018
9.19000,2.20000,0.07017
9.29000,2.20000,0.07015
9.39000,2.20000,0.07014
9.50000,2.20000,0.07013
9.60000,2.20000,0.07011
9.70000,2.20000,0.07010
9.80000,2.20000,0.07010
9.90000,2.20000,0.07009
0.00000,2.30000,0.09818
0.10000,2.30000,0.09811
0.20000,2.30000,0.09798
0.30000,2.30000,0.09779
0.40000,2.30000,0.09753
0.50000,2.30000,0.09722
0.60000,2.30000,0.09684
0.70000,2.30000,0.09641
0.80000,2.30000,0.09593
0.90000,2.30000,0.09540
1.00000,2.30000,0.09482
1.10000,2.30000,0.09421
1.20000,2.30000,0.09356
1.30000,2.30000,0.09288
1.40000,2.30000,0.09217
1.50000,2.30000,0.09143
1.60000,2.30000,0.09068
1.70000,2.30000,0.08992
1.80000,2.30000,0.08915
1.90000,2.30000,0.08838
2.00000,2.30000,0.08761
2.10000,2.30000,0.08684
2.20000,2.30000,0.08608
2.30000,2.30000,0.08533
2.39000,2.30000,0.08460
2.49000,2.30000,0.08389
2.59000,2.30000,0.08319
2.69000,2.30000,0.08253
2.79000,2.30000,0.08188
2.89000,2.30000,0.08126
2.99000,2.30000,0.08067
3.09000,2.30000,0.08010
3.19000,2.30000,0.07956
3.29000,2.30000,0.07904
3.39000,2.30000,0.07855
3.49000,2.30000,0.07808
3.59000,2.30000,0.07762
3.69000,2.30000,0.07719
3.79000,2.30000,0.07676
3.89000,2.30000,0.07633
3.99000,2.30000,0.07591
4.09000,2.30000,0.07548
4.19000,2.30000,0.07503
4.29000,2.30000,0.07456
4.39000,2.30000,0.07405
4.49000,2.30000,0.07350
4.59000,2.30000,0.07288
4.69000,2.30000,0.07218
4.79000,2.30000,0.07139
4.89000,2.30000,0.07047
4.99000,2.30000,0.06942
5.09000,2.30000,0.06860
5.19000,2.30000,0.06797
5.29000,2.30000,0.06749
5.39000,2.30000,0.06713
5.49000,2.30000,0.06688
5.59000,2.30000,0.06672
5.69000,2.30000,0.06663
5.79000,2.30000,0.06659
5.89000,2.30000,0.06661
5.99000,2.30000,0.06667
6.09000,2.30000,0.06676
6.19000,2.30000,0.06689
6.29000,2.30000,0.06703
6.39000,2.30000,0.06719
6.49000,2.30000,0.06737
6.59000,2.30000,0.06756
6.69000,2.30000,0.06775
6.79000,2.30000,0.06795
6.89000,2.30000,0.06815
6.99000,2.30000,0.06835
7.09000,2.30000,0.06854
7.19000,2.30000,0.06873
7.29000,2.30000,0.06891
7.39000,2.30000,0.06909
7.49000,2.30000,0.06925
7.59000,2.30000,0.06940
7.69000,2.30000,0.06954
7.79000,2.30000,0.06967
7.89000,2.30000,0.06978
7.99000,2.30000,0.06988
8.09000,2.30000,0.06997
8.19000,2.30000,0.07004
8.29000,2.30000,0.07011
8.39000,2.30000,0.07016
8.49000,2.30000,0.07020
8.59000,2.30000,0.07023
8.69000,2.30000,0.07025
8.79000,2.30000,0.07026
8.89000,2.30000,0.07027
8.99000,2.30000,0.07027
9.09000,2.30000,0.07027
9.19000,2.30000,0.07026
9.29000,2.30000,0.07025
9.39000,2.30000,0.07024
9.50000,2.30000,0.07024
9.60000,2.30000,0.07023
9.70000,2.30000,0.07022
9.80000,2.30000,0.07021
9.90000,2.30000,0.07021
0.00000,2.39000,0.09914
0.10000,2.39000,0.09907
0.20000,2.39000,0.09894
0.30000,2.39000,0.09874
0.40000,2.39000,0.09848
0.50000,2.39000,0.09816
0.60000,2.39000,0.09779
0.70000,2.39000,0.09735
0.80000,2.39000,0.09686
0.90000,2.39000,0.09633
1.00000,2.39000,0.09575
1.10000,2.39000,0.09513
1.20000,2.39000,0.09447
1.30000,2.39000,0.09378
1.40000,2.39000,0.09306
1.50000,2.39000,0.09232
1.60000,2.39000,0.09157
1.70000,2.39000,0.09080
1.80000,2.39000,0.09002
1.90000,2.39000,0.08924
2.00000,2.39000,0.08846
2.10000,2.39000,0.08769
2.20000,2.39000,0.08692
2.30000,2.39000,0.08617
2.39000,2.39000,0.08543
2.49000,2.39000,0.08471
2.59000,2.39000,0.08401
2.69000,2.39000,0.08333
2.79000,2.39000,0.08268
2.89000,2.39000,0.08206
2.99000,2.39000,0.08145
3.09000,2.39000,0.08088
3.19000,2.39000,0.08033
3.29000,2.39000,0.07980
3.39000,2.39000,0.07930
3.49000,2.39000,0.07882
3.59000,2.39000,0.07835
3.69000,2.39000,0.07790
3.79000,2.39000,0.07746
3.89000,2.39000,0.07702
3.99000,2.39000,0.07658
4.09000,2.39000,0.07613
4.19000,2.39000,0.07566
4.29000,2.39000,0.07517
4.39000,2.39000,0.07464
4.49000,2.39000,0.07406
4.59000,2.39000,0.07341
4.69000,2.39000,0.07269
4.79000,2.39000,0.07186
4.89000,2.39000,0.07092
4.99000,2.39000,0.06983
5.09000,2.39000,0.06898
5.19000,2.39000,0.06832
5.29000,2.39000,0.06781
5.39000,2.39000,0.06743
5.49000,2.39000,0.06716
5.59000,2.39000,0.06697
5.69000,2.39000,0.06685
5.79000,2.39000,0.06679
5.89000,2.39000,0.06679
5.99000,2.39000,0.06683
6.09000,2.39000,0.06690
6.19000,2.39000,0.06701
6.29000,2.39000,0.06713
6.39000,2.39000,0.06728
6.49000,2.39000,0.06744
6.59000,2.39000,0.06761
6.69000,2.39000,0.06779
6.79000,2.39000,0.06798
6.89000,2.39000,0.06817
6.99000,2.39000,0.06836
7.09000,2.39000,0.06854
7.19000,2.39000,0.06873
7.29000,2.39000,0.06890
7.39000,2.39000,0.06907
7.49000,2.39000,0.06923
7.59000,2.39000,0.06938
7.69000,2.39000,0.06952
7.79000,2.39000,0.06965
7.89000,2.39000,0.06977
7.99000,2.39000,0.06988
8.09000,2.39000,0.06997
8.19000,2.39000,0.07005
8.29000,2.39000,0.07012
8.39000,2.39000,0.07018
8.49000,2.39000,0.07023
8.59000,2.39000,0.07027
8.69000,2.39000,0.07030
8.79000,2.39000,0.07032
8.89000,2.39000,0.07033
8.99000,2.39000,0.07034
9.09000,2.39000,0.07035
9.19000,2.39000,0.07035
9.29000,2.39000,0.07035
9.39000,2.39000,0.07034
9.50000,2.39000,0.07034
9.60000,2.39000,0.07033
9.70000,2.39000,0.07033
9.80000,2.39000,0.07033
9.90000,2.39000,0.07033
0.00000,2.49000,0.10009
0.10000,2.49000,0.10002
0.20000,2.49000,0.09989
0.30000,2.49000,0.09969
0.40000,2.49000,0.09943
0.50000,2.49000,0.09911
0.60000,2.49000,0.09872
0.70000,2.49000,0.09828
0.80000,2.49000,0.09779
0.90000,2.49000,0.09725
1.00000,2.49000,0.09667
1.10000,2.49000,0.09604
1.20000,2.49000,0.09537
1.30000,2.49000,0.09468
1.40000,2.49000,0.09396
1.50000,2.49000,0.09321
1.60000,2.49000,0.09245
1.70000,2.49000,0.09167
1.80000,2.49000,0.09089
1.90000,2.49000,0.09010
2.00000,2.49000,0.08932
2.10000,2.49000,0.08853
2.20000,2.49000,0.08776
2.30000,2.49000,0.08700
2.39000,2.49000,0.08626
2.49000,2.49000,0.08553
2.59000,2.49000,0.08482
2.69000,2.49000,0.08414
2.79000,2.49000,0.08348
2.89000,2.49000,0.08285
2.99000,2.49000,0.08224
3.09000,2.49000,0.08166
3.19000,2.49000,0.08110
3.29000,2.49000,0.08056
3.39000,2.49000,0.08005
3.49000,2.49000,0.07955
3.59000,2.49000,0.07908
3.69000,2.49000,0.07861
3.79000,2.49000,0.07815
3.89000,2.49000,0.07770
3.99000,2.49000,0.07724
4.09000,2.49000,0.07678
4.19000,2.49000,0.07629
4.29000,2.49000,0.07577
4.39000,2.49000,0.07522
4.49000,2.49000,0.07462
4.59000,2.49000,0.07394
4.69000,2.49000,0.07319
4.79000,2.49000,0.07234
4.89000,2.49000,0.07136
4.99000,2.49000,0.07024
5.09000,2.49000,0.06936
5.19000,2.49000,0.06867
5.29000,2.49000,0.06813
5.39000,2.49000,0.06772
5.49000,2.49000,0.06742
5.59000,2.49000,0.06721
5.69000,2.49000,0.06707
5.79000,2.49000,0.06699
5.89000,2.49000,0.06696
5.99000,2.49000,0.06698
6.09000,2.49000,0.06703
6.19000,2.49000,0.06712
6.29000,2.49000,0.06723
6.39000,2.49000,0.06736
6.49000,2.49000,0.06750
6.59000,2.49000,0.06766
6.69000,2.49000,0.06783
6.79000,2.49000,0.06800
6.89000,2.49000,0.06818
6.99000,2.49000,0.06836
7.09000,2.49000,0.06854
7.19000,2.49000,0.06871
7.29000,2.49000,0.06889
7.39000,2.49000,0.06905
7.49000,2.49000,0.06921
7.59000,2.49000,0.06936
7.69000,2.49000,0.06950
7.79000,2.49000,0.06963
7.89000,2.49000,0.06975
7.99000,2.49000,0.06986
8.09000,2.49000,0.06996
8.19000,2.49000,0.07005
8.29000,2.49000,0.07013
8.39000,2.49000,0.07019
8.49000,2.49000,0.07025
8.59000,2.49000,0.07030
8.69000,2.49000,0.07033
8.79000,2.49000,0.07037
8.89000,2.49000,0.07039
8.99000,2.49000,0.07041
9.09000,2.49000,0.07042
9.19000,2.49000,0.07043
9.29000,2.49000,0.07043
9.39000,2.49000,0.07044
9.50000,2.49000,0.07044
9.60000,2.49000,0.07044
9.70000,2.49000,0.07044
9.80000,2.49000,0.07043
9.90000,2.49000,0.07043
0.00000,2.59000,0.10103
0.10000,2.59000,0.10096
0.20000,2.59000,0.10083
0.30000,2.59000,0.10063
0.40000,2.59000,0.10037
0.50000,2.59000,0.10004
0.60000,2.59000,0.09965
0.70000,2.59000,0.09921
0.80000,2.59000,0.09871
0.90000,2.59000,0.09817
1.00000,2.59000,0.09758
1.10000,2.59000,0.09694
1.20000,2.59000,0.09627
1.30000,2.59000,0.09557
1.40000,2.59000,0.09484
1.50000,2.59000,0.09409
1.60000,2.59000,0.09332
1.70000,2.59000,0.09254
1.80000,2.59000,0.09175
1.90000,2.59000,0.09095
2.00000,2.59000,0.09016
2.10000,2.59000,0.08937
2.20000,2.59000,0.08860
2.30000,2.59000,0.08783
2.39000,2.59000,0.08708
2.49000,2.59000,0.08634
2.59000,2.59000,0.08563
2.69000,2.59000,0.08494
2.79000,2.59000,0.08428
2.89000,2.59000,0.08363
2.99000,2.59000,0.08302
3.09000,2.59000,0.08242
3.19000,2.59000,0.08186
3.29000,2.59000,0.08131
3.39000,2.59000,0.08079
3.49000,2.59000,0.08028
3.59000,2.59000,0.07979
3.69000,2.59000,0.07931
3.79000,2.59000,0.07884
3.89000,2.59000,0.07837
3.99000,2.59000,0.07790
4.09000,2.59000,0.07741
4.19000,2.59000,0.07691
4.29000,2.59000,0.07637
4.39000,2.59000,0.07580
4.49000,2.59000,0.07517
4.59000,2.59000,0.07447
4.69000,2.59000,0.07369
4.79000,2.59000,0.07280
4.89000,2.59000,0.07179
4.99000,2.59000,0.07064
5.09000,2.59000,0.06972
5.19000,2.59000,0.06900
5.29000,2.59000,0.06844
5.39000,2.59000,0.06801
5.49000,2.59000,0.06768
5.59000,2.59000,0.06744
5.69000,2.59000,0.06728
5.79000,2.59000,0.06718
5.89000,2.59000,0.06713
5.99000,2.59000,0.06713
6.09000,2.59000,0.06716
6.19000,2.59000,0.06722
6.29000,2.59000,0.06731
6.39000,2.59000,0.06743
6.49000,2.59000,0.06756
6.59000,2.59000,0.06770
6.69000,2.59000,0.06786
6.79000,2.59000,0.06802
6.89000,2.59000,0.06819
6.99000,2.59000,0.06836
7.09000,2.59000,0.06853
7.19000,2.59000,0.06870
7.29000,2.59000,0.06886
7.39000,2.59000,0.06903
7.49000,2.59000,0.06918
7.59000,2.59000,0.06933
7.69000,2.59000,0.06948
7.79000,2.59000,0.06961
7.89000,2.59000,0.06973
7.99000,2.59000,0.06985
8.09000,2.59000,0.06995
8.19000,2.59000,0.07005
8.29000,2.59000,0.07013
8.39000,2.59000,0.07020
8.49000,2.59000,0.07027
8.59000,2.59000,0.07032
8.69000,2.59000,0.07037
8.79000,2.59000,0.07041
8.89000,2.59000,0.07044
8.99000,2.59000,0.07047
9.09000,2.59000,0.07049
9.19000,2.59000,0.07050
9.29000,2.59000,0.07051
9.39000,2.59000,0.07052
9.50000,2.59000,0.07053
9.60000,2.59000,0.07053
9.70000,2.59000,0.07053
9.80000,2.59000,0.07054
9.90000,2.59000,0.07054
0.00000,2.69000,0.10196
0.10000,2.69000,0.10189
0.20000,2.69000,0.10176
0.30000,2.69000,0.10155
0.40000,2.69000,0.10129
0.50000,2.69000,0.10096
0.60000,2.69000,0.10057
0.70000,2.69000,0.10012
0.80000,2.69000,0.09962
0.90000,2.69000,0.09907
1.00000,2.69000,0.09847
1.10000,2.69000,0.09783
1.20000,2.69000,0.09716
1.30000,2.69000,0.09645
1.40000,2.69000,0.09571
1.50000,2.69000,0.09496
1.60000,2.69000,0.09418
1.70000,2.69000,0.09339
1.80000,2.69000,0.09260
1.90000,2.69000,0.09180
2.00000,2.69000,0.09100
2.10000,2.69000,0.09020
2.20000,2.69000,0.08942
2.30000,2.69000,0.08865
2.39000,2.69000,0.08789
2.49000,2.69000,0.08715
2.59000,2.69000,0.08643
2.69000,2.69000,0.08573
2.79000,2.69000,0.08506
2.89000,2.69000,0.08441
2.99000,2.69000,0.08379
3.09000,2.69000,0.08319
3.19000,2.69000,0.08261
3.29000,2.69000,0.08205
3.39000,2.69000,0.08152
3.49000,2.69000,0.08100
3.59000,2.69000,0.08050
3.69000,2.69000,0.08001
3.79000,2.69000,0.07952
3.89000,2.69000,0.07904
3.99000,2.69000,0.07855
4.09000,2.69000,0.07804
4.19000,2.69000,0.07752
4.29000,2.69000,0.07696
4.39000,2.69000,0.07636
4.49000,2.69000,0.07570
4.59000,2.69000,0.07498
4.69000,2.69000,0.07417
4.79000,2.69000,0.07326
4.89000,2.69000,0.07222
4.99000,2.69000,0.07103
5.09000,2.69000,0.07008
5.19000,2.69000,0.06933
5.29000,2.69000,0.06874
5.39000,2.69000,0.06828
5.49000,2.69000,0.06793
5.59000,2.69000,0.06767
5.69000,2.69000,0.06748
5.79000,2.69000,0.06736
5.89000,2.69000,0.06729
5.99000,2.69000,0.06726
6.09000,2.69000,0.06728
6.19000,2.69000,0.06732
6.29000,2.69000,0.06740
6.39000,2.69000,0.06749
6.49000,2.69000,0.06761
6.59000,2.69000,0.06774
6.69000,2.69000,0.06788
6.79000,2.69000,0.06803
6.89000,2.69000,0.06819
6.99000,2.69000,0.06835
7.09000,2.69000,0.06851
7.19000,2.69000,0.06868
7.29000,2.69000,0.06884
7.39000,2.69000,0.06900
7.49000,2.69000,0.06915
7.59000,2.69000,0.06930
7.69000,2.69000,0.06945
7.79000,2.69000,0.06958
7.89000,2.69000,0.06971
7.99000,2.69000,0.06983
8.09000,2.69000,0.06994
8.19000,2.69000,0.07004
8.29000,2.69000,0.07013
8.39000,2.69000,0.07021
8.49000,2.69000,0.07028
8.59000,2.69000,0.07034
8.69000,2.69000,0.07040
8.79000,2.69000,0.07045
8.89000,2.69000,0.07049
8.99000,2.69000,0.07052
9.09000,2.69000,0.07055
9.19000,2.69000,0.07057
9.29000,2.69000,0.07059
9.39000,2.69000,0.07060
9.50000,2.69000,0.07061
9.60000,2.69000,0.07062
9.70000,2.69000,0.07063
9.80000,2.69000,0.07063
9.90000,2.69000,0.07063
0.00000,2.79000,0.10287
0.10000,2.79000,0.10280
0.20000,2.79000,0.10266
0.30000,2.79000,0.10246
0.40000,2.79000,0.10219
0.50000,2.79000,0.10186
0.60000,2.79000,0.10146
0.70000,2.79000,0.10101
0.80000,2.79000,0.10051
0.90000,2.79000,0.09995
1.00000,2.79000,0.09935
1.10000,2.79000,0.09871
1.20000,2.79000,0.09803
1.30000,2.79000,0.09731
1.40000,2.79000,0.09657
1.50000,2.79000,0.09581
1.60000,2.79000,0.09503
1.70000,2.79000,0.09423
1.80000,2.79000,0.09343
1.90000,2.79000,0.09263
2.00000,2.79000,0.09182
2.10000,2.79000,0.09102
2.20000,2.79000,0.09023
2.30000,2.79000,0.08945
2.39000,2.79000,0.08869
2.49000,2.79000,0.08794
2.59000,2.79000,0.08722
2.69000,2.79000,0.08651
2.79000,2.79000,0.08583
2.89000,2.79000,0.08518
2.99000,2.79000,0.08454
3.09000,2.79000,0.08393
3.19000,2.79000,0.08335
3.29000,2.79000,0.08278
3.39000,2.79000,0.08224
3.49000,2.79000,0.08171
3.59000,2.79000,0.08120
3.69000,2.79000,0.08069
3.79000,2.79000,0.08019
3.89000,2.79000,0.07969
3.99000,2.79000,0.07918
4.09000,2.79000,0.07866
4.19000,2.79000,0.07811
4.29000,2.79000,0.07753
4.39000,2.79000,0.07691
4.49000,2.79000,0.07623
4.59000,2.79000,0.07548
4.69000,2.79000,0.07464
4.79000,2.79000,0.07370
4.89000,2.79000,0.07263
4.99000,2.79000,0.07141
5.09000,2.79000,0.07043
5.19000,2.79000,0.06965
5.29000,2.79000,0.06903
5.39000,2.79000,0.06855
5.49000,2.79000,0.06817
5.59000,2.79000,0.06789
5.69000,2.79000,0.06768
5.79000,2.79000,0.06753
5.89000,2.79000,0.06744
5.99000,2.79000,0.06740
6.09000,2.79000,0.06739
6.19000,2.79000,0.06742
6.29000,2.79000,0.06747
6.39000,2.79000,0.06755
6.49000,2.79000,0.06765
6.59000,2.79000,0.06777
6.69000,2.79000,0.06790
6.79000,2.79000,0.06804
6.89000,2.79000,0.06818
6.99000,2.79000,0.06834
7.09000,2.79000,0.06849
7.19000,2.79000,0.06865
7.29000,2.79000,0.06881
7.39000,2.79000,0.06897
7.49000,2.79000,0.06912
7.59000,2.79000,0.06927
7.69000,2.79000,0.06941
7.79000,2.79000,0.06955
7.89000,2.79000,0.06968
7.99000,2.79000,0.06980
8.09000,2.79000,0.06992
8.19000,2.79000,0.07003
8.29000,2.79000,0.07012
8.39000,2.79000,0.07021
8.49000,2.79000,0.07029
8.59000,2.79000,0.07036
8.69000,2.79000,0.07042
8.79000,2.79000,0.07048
8.89000,2.79000,0.07053
8.99000,2.79000,0.07057
9.09000,2.79000,0.07060
9.19000,2.79000,0.07063
9.29000,2.79000,0.07066
9.39000,2.79000,0.07068
9.50000,2.79000,0.07069
9.60000,2.79000,0.07070
9.70000,2.79000,0.07071
9.80000,2.79000,0.07072
9.90000,2.79000,0.07072
0.00000,2.89000,0.10375
0.10000,2.89000,0.10368
0.20000,2.89000,0.10354
0.30000,2.89000,0.10334
0.40000,2.89000,0.10307
0.50000,2.89000,0.10273
0.60000,2.89000,0.10234
0.70000,2.89000,0.10188
0.80000,2.89000,0.10137
0.90000,2.89000,0.10081
1.00000,2.89000,0.10021
1.10000,2.89000,0.09956
1.20000,2.89000,0.09887
1.30000,2.89000,0.09816
1.40000,2.89000,0.09741
1.50000,2.89000,0.09664
1.60000,2.89000,0.09585
1.70000,2.89000,0.09505
1.80000,2.89000,0.09425
1.90000,2.89000,0.09344
2.00000,2.89000,0.09263
2.10000,2.89000,0.09182
2.20000,2.89000,0.09102
2.30000,2.89000,0.09024
2.39000,2.89000,0.08947
2.49000,2.89000,0.08872
2.59000,2.89000,0.08799
2.69000,2.89000,0.08728
2.79000,2.89000,0.08659
2.89000,2.89000,0.08593
2.99000,2.89000,0.08529
3.09000,2.89000,0.08467
3.19000,2.89000,0.08407
3.29000,2.89000,0.08350
3.39000,2.89000,0.08294
3.49000,2.89000,0.08241
3.59000,2.89000,0.08188
3.69000,2.89000,0.08136
3.79000,2.89000,0.08085
3.89000,2.89000,0.08033
3.99000,2.89000,0.07980
4.09000,2.89000,0.07926
4.19000,2.89000,0.07870
4.29000,2.89000,0.07810
4.39000,2.89000,0.07745
4.49000,2.89000,0.07675
4.59000,2.89000,0.07597
4.69000,2.89000,0.07511
4.79000,2.89000,0.07413
4.89000,2.89000,0.07303
4.99000,2.89000,0.07177
5.09000,2.89000,0.07077
5.19000,2.89000,0.06996
5.29000,2.89000,0.06932
5.39000,2.89000,0.06880
5.49000,2.89000,0.06840
5.59000,2.89000,0.06809
5.69000,2.89000,0.06786
5.79000,2.89000,0.06770
5.89000,2.89000,0.06758
5.99000,2.89000,0.06752
6.09000,2.89000,0.06750
6.19000,2.89000,0.06751
6.29000,2.89000,0.06754
6.39000,2.89000,0.06761
6.49000,2.89000,0.06769
6.59000,2.89000,0.06780
6.69000,2.89000,0.06791
6.79000,2.89000,0.06804
6.89000,2.89000,0.06818
6.99000,2.89000,0.06832
7.09000,2.89000,0.06847
7.19000,2.89000,0.06863
7.29000,2.89000,0.06878
7.39000,2.89000,0.06893
7.49000,2.89000,0.06909
7.59000,2.89000,0.06924
7.69000,2.89000,0.06938
7.79000,2.89000,0.06952
7.89000,2.89000,0.06965
7.99000,2.89000,0.06978
8.09000,2.89000,0.06990
8.19000,2.89000,0.07001
8.29000,2.89000,0.07011
8.39000,2.89000,0.07021
8.49000,2.89000,0.07030
8.59000,2.89000,0.07038
8.69000,2.89000,0.07045
8.79000,2.89000,0.07051
8.89000,2.89000,0.07057
8.99000,2.89000,0.07061
9.09000,2.89000,0.07066
9.19000,2.89000,0.07069
9.29000,2.89000,0.07072
9.39000,2.89000,0.07075
9.50000,2.89000,0.07077
9.60000,2.89000,0.07078
9.70000,2.89000,0.07079
9.80000,2.89000,0.07080
9.90000,2.89000,0.07081
0.00000,2.99000,0.10461
0.10000,2.99000,0.10454
0.20000,2.99000,0.10440
0.30000,2.99000,0.10419
0.40000,2.99000,0.10392
0.50000,2.99000,0.10358
0.60000,2.99000,0.10318
0.70000,2.99000,0.10272
0.80000,2.99000,0.10221
0.90000,2.99000,0.10165
1.00000,2.99000,0.10104
1.10000,2.99000,0.10039
1.20000,2.99000,0.09970
1.30000,2.99000,0.09897
1.40000,2.99000,0.09822
1.50000,2.99000,0.09745
1.60000,2.99000,0.09666
1.70000,2.99000,0.09585
1.80000,2.99000,0.09504
1.90000,2.99000,0.09422
2.00000,2.99000,0.09341
2.10000,2.99000,0.09260
2.20000,2.99000,0.09180
2.30000,2.99000,0.09101
2.39000,2.99000,0.09023
2.49000,2.99000,0.08948
2.59000,2.99000,0.08874
2.69000,2.99000,0.08802
2.79000,2.99000,0.08733
2.89000,2.99000,0.08666
2.99000,2.99000,0.08601
3.09000,2.99000,0.08539
3.19000,2.99000,0.08478
3.29000,2.99000,0.08420
3.39000,2.99000,0.08363
3.49000,2.99000,0.08308
3.59000,2.99000,0.08255
3.69000,2.99000,0.08201
3.79000,2.99000,0.08148
3.89000,2.99000,0.08095
3.99000,2.99000,0.08041
4.09000,2.99000,0.07985
4.19000,2.99000,0.07927
4.29000,2.99000,0.07865
4.39000,2.99000,0.07798
4.49000,2.99000,0.07725
4.59000,2.99000,0.07645
4.69000,2.99000,0.07556
4.79000,2.99000,0.07455
4.89000,2.99000,0.07342
4.99000,2.99000,0.07213
5.09000,2.99000,0.07109
5.19000,2.99000,0.07026
5.29000,2.99000,0.06959
5.39000,2.99000,0.06905
5.49000,2.99000,0.06863
5.59000,2.99000,0.06830
5.69000,2.99000,0.06804
5.79000,2.99000,0.06785
5.89000,2.99000,0.06772
5.99000,2.99000,0.06764
6.09000,2.99000,0.06760
6.19000,2.99000,0.06759
6.29000,2.99000,0.06761
6.39000,2.99000,0.06766
6.49000,2.99000,0.06773
6.59000,2.99000,0.06782
6.69000,2.99000,0.06792
6.79000,2.99000,0.06804
6.89000,2.99000,0.06817
6.99000,2.99000,0.06831
7.09000,2.99000,0.06845
7.19000,2.99000,0.06860
7.29000,2.99000,0.06875
7.39000,2.99000,0.06890
7.49000,2.99000,0.06905
7.59000,2.99000,0.06920
7.69000,2.99000,0.06935
7.79000,2.99000,0.06949
7.89000,2.99000,0.06962
7.99000,2.99000,0.06975
8.09000,2.99000,0.06988
8.19000,2.99000,0.07000
8.29000,2.99000,0.07011
8.39000,2.99000,0.07021
8.49000,2.99000,0.07030
8.59000,2.99000,0.07039
8.69000,2.99000,0.07047
8.79000,2.99000,0.07054
8.89000,2.99000,0.07060
8.99000,2.99000,0.07066
9.09000,2.99000,0.07070
9.19000,2.99000,0.07075
9.29000,2.99000,0.07078
9.39000,2.99000,0.07081
9.50000,2.99000,0.07084
9.60000,2.99000,0.07086
9.70000,2.99000,0.07087
9.80000,2.99000,0.07088
9.90000,2.99000,0.07088
0.00000,3.09000,0.10543
0.10000,3.09000,0.10536
0.20000,3.09000,0.10522
0.30000,3.09000,0.10501
0.40000,3.09000,0.10474
0.50000,3.09000,0.10440
0.60000,3.09000,0.10400
0.70000,3.09000,0.10354
0.80000,3.09000,0.10302
0.90000,3.09000,0.10245
1.00000,3.09000,0.10184
1.10000,3.09000,0.10118
1.20000,3.09000,0.10049
1.30000,3.09000,0.09976
1.40000,3.09000,0.09901
1.50000,3.09000,0.09823
1.60000,3.09000,0.09743
1.70000,3.09000,0.09663
1.80000,3.09000,0.09581
1.90000,3.09000,0.09499
2.00000,3.09000,0.09417
2.10000,3.09000,0.09335
2.20000,3.09000,0.09255
2.30000,3.09000,0.09175
2.39000,3.09000,0.09097
2.49000,3.09000,0.09021
2.59000,3.09000,0.08947
2.69000,3.09000,0.08875
2.79000,3.09000,0.08805
2.89000,3.09000,0.08737
2.99000,3.09000,0.08672
3.09000,3.09000,0.08609
3.19000,3.09000,0.08547
3.29000,3.09000,0.08488
3.39000,3.09000,0.08431
3.49000,3.09000,0.08374
3.59000,3.09000,0.08319
3.69000,3.09000,0.08265
3.79000,3.09000,0.08211
3.89000,3.09000,0.08156
3.99000,3.09000,0.08100
4.09000,3.09000,0.08042
4.19000,3.09000,0.07982
4.29000,3.09000,0.07918
4.39000,3.09000,0.07849
4.49000,3.09000,0.07774
4.59000,3.09000,0.07691
4.69000,3.09000,0.07599
4.79000,3.09000,0.07496
4.89000,3.09000,0.07379
4.99000,3.09000,0.07247
5.09000,3.09000,0.07141
5.19000,3.09000,0.07055
5.29000,3.09000,0.06985
5.39000,3.09000,0.06929
5.49000,3.09000,0.06884
5.59000,3.09000,0.06849
5.69000,3.09000,0.06821
5.79000,3.09000,0.06801
5.89000,3.09000,0.06785
5.99000,3.09000,0.06775
6.09000,3.09000,0.06769
6.19000,3.09000,0.06767
6.29000,3.09000,0.06767
6.39000,3.09000,0.06771
6.49000,3.09000,0.06776
6.59000,3.09000,0.06784
6.69000,3.09000,0.06794
6.79000,3.09000,0.06804
6.89000,3.09000,0.06816
6.99000,3.09000,0.06829
7.09000,3.09000,0.06843
7.19000,3.09000,0.06857
7.29000,3.09000,0.06872
7.39000,3.09000,0.06887
7.49000,3.09000,0.06902
7.59000,3.09000,0.06916
7.69000,3.09000,0.06931
7.79000,3.09000,0.06945
7.89000,3.09000,0.06959
7.99000,3.09000,0.06973
8.09000,3.09000,0.06986
8.19000,3.09000,0.06998
8.29000,3.09000,0.07010
8.39000,3.09000,0.07020
8.49000,3.09000,0.07031
8.59000,3.09000,0.07040
8.69000,3.09000,0.07048
8.79000,3.09000,0.07056
8.89000,3.09000,0.07063
8.99000,3.09000,0.07069
9.09000,3.09000,0.07075
9.19000,3.09000,0.07080
9.29000,3.09000,0.07084
9.39000,3.09000,0.07087
9.50000,3.09000,0.07090
9.60000,3.09000,0.07093
9.70000,3.09000,0.07094
9.80000,3.09000,0.07095
9.90000,3.09000,0.07096
0.00000,3.19000,0.10621
0.10000,3.19000,0.10614
0.20000,3.19000,0.10600
0.30000,3.19000,0.10579
0.40000,3.19000,0.10552
0.50000,3.19000,0.10518
0.60000,3.19000,0.10477
0.70000,3.19000,0.10431
0.80000,3.19000,0.10379
0.90000,3.19000,0.10322
1.00000,3.19000,0.10261
1.10000,3.19000,0.10195
1.20000,3.19000,0.10125
1.30000,3.19000,0.10052
1.40000,3.19000,0.09976
1.50000,3.19000,0.09898
1.60000,3.19000,0.09818
1.70000,3.19000,0.09737
1.80000,3.19000,0.09655
1.90000,3.19000,0.09573
2.00000,3.19000,0.09490
2.10000,3.19000,0.09408
2.20000,3.19000,0.09327
2.30000,3.19000,0.09248
2.39000,3.19000,0.09169
2.49000,3.19000,0.09093
2.59000,3.19000,0.09018
2.69000,3.19000,0.08945
2.79000,3.19000,0.08875
2.89000,3.19000,0.08806
2.99000,3.19000,0.08740
3.09000,3.19000,0.08676
3.19000,3.19000,0.08614
3.29000,3.19000,0.08554
3.39000,3.19000,0.08496
3.49000,3.19000,0.08439
3.59000,3.19000,0.08382
3.69000,3.19000,0.08327
3.79000,3.19000,0.08271
3.89000,3.19000,0.08215
3.99000,3.19000,0.08157
4.09000,3.19000,0.08098
4.19000,3.19000,0.08036
4.29000,3.19000,0.07969
4.39000,3.19000,0.07898
4.49000,3.19000,0.07821
4.59000,3.19000,0.07736
4.69000,3.19000,0.07641
4.79000,3.19000,0.07535
4.89000,3.19000,0.07416
4.99000,3.19000,0.07281
5.09000,3.19000,0.07171
5.19000,3.19000,0.07082
5.29000,3.19000,0.07010
5.39000,3.19000,0.06952
5.49000,3.19000,0.06905
5.59000,3.19000,0.06867
5.69000,3.19000,0.06838
5.79000,3.19000,0.06815
5.89000,3.19000,0.06798
5.99000,3.19000,0.06786
6.09000,3.19000,0.06778
6.19000,3.19000,0.06774
6.29000,3.19000,0.06773
6.39000,3.19000,0.06775
6.49000,3.19000,0.06780
6.59000,3.19000,0.06786
6.69000,3.19000,0.06795
6.79000,3.19000,0.06804
6.89000,3.19000,0.06815
6.99000,3.19000,0.06828
7.09000,3.19000,0.06841
7.19000,3.19000,0.06855
7.29000,3.19000,0.06869
7.39000,3.19000,0.06883
7.49000,3.19000,0.06898
7.59000,3.19000,0.06913
7.69000,3.19000,0.06928
7.79000,3.19000,0.06942
7.89000,3.19000,0.06957
7.99000,3.19000,0.06970
8.09000,3.19000,0.06984
8.19000,3.19000,0.06997
8.29000,3.19000,0.07009
8.39000,3.19000,0.07020
8.49000,3.19000,0.07031
8.59000,3.19000,0.07041
8.69000,3.19000,0.07050
8.79000,3.19000,0.07059
8.89000,3.19000,0.07066
8.99000,3.19000,0.07073
9.09000,3.19000,0.07079
9.19000,3.19000,0.07085
9.29000,3.19000,0.07089
9.39000,3.19000,0.07093
9.50000,3.19000,0.07097
9.60000,3.19000,0.07099
9.70000,3.19000,0.07101
9.80000,3.19000,0.07102
9.90000,3.19000,0.07103
0.00000,3.29000,0.10696
0.10000,3.29000,0.10689
0.20000,3.29000,0.10675
0.30000,3.29000,0.10654
0.40000,3.29000,0.10626
0.50000,3.29000,0.10592
0.60000,3.29000,0.10551
0.70000,3.29000,0.10505
0.80000,3.29000,0.10453
0.90000,3.29000,0.10396
1.00000,3.29000,0.10334
1.10000,3.29000,0.10268
1.20000,3.29000,0.10198
1.30000,3.29000,0.10124
1.40000,3.29000,0.10048
1.50000,3.29000,0.09970
1.60000,3.29000,0.09890
1.70000,3.29000,0.09808
1.80000,3.29000,0.09726
1.90000,3.29000,0.09643
2.00000,3.29000,0.09561
2.10000,3.29000,0.09478
2.20000,3.29000,0.09397
2.30000,3.29000,0.09317
2.39000,3.29000,0.09238
2.49000,3.29000,0.09161
2.59000,3.29000,0.09086
2.69000,3.29000,0.09013
2.79000,3.29000,0.08942
2.89000,3.29000,0.08873
2.99000,3.29000,0.08806
3.09000,3.29000,0.08742
3.19000,3.29000,0.08679
3.29000,3.29000,0.08618
3.39000,3.29000,0.08559
3.49000,3.29000,0.08501
3.59000,3.29000,0.08443
3.69000,3.29000,0.08386
3.79000,3.29000,0.08329
3.89000,3.29000,0.08272
3.99000,3.29000,0.08213
4.09000,3.29000,0.08152
4.19000,3.29000,0.08087
4.29000,3.29000,0.08019
4.39000,3.29000,0.07946
4.49000,3.29000,0.07866
4.59000,3.29000,0.07779
4.69000,3.29000,0.07682
4.79000,3.29000,0.07573
4.89000,3.29000,0.07451
4.99000,3.29000,0.07312
5.09000,3.29000,0.07200
5.19000,3.29000,0.07109
5.29000,3.29000,0.07034
5.39000,3.29000,0.06974
5.49000,3.29000,0.06925
5.59000,3.29000,0.06885
5.69000,3.29000,0.06854
5.79000,3.29000,0.06829
5.89000,3.29000,0.06810
5.99000,3.29000,0.06796
6.09000,3.29000,0.06787
6.19000,3.29000,0.06781
6.29000,3.29000,0.06779
6.39000,3.29000,0.06780
6.49000,3.29000,0.06783
6.59000,3.29000,0.06788
6.69000,3.29000,0.06796
6.79000,3.29000,0.06804
6.89000,3.29000,0.06815
6.99000,3.29000,0.06826
7.09000,3.29000,0.06839
7.19000,3.29000,0.06852
7.29000,3.29000,0.06866
7.39000,3.29000,0.06881
7.49000,3.29000,0.06895
7.59000,3.29000,0.06910
7.69000,3.29000,0.06925
7.79000,3.29000,0.06940
7.89000,3.29000,0.06954
7.99000,3.29000,0.06968
8.09000,3.29000,0.06982
8.19000,3.29000,0.06995
8.29000,3.29000,0.07008
8.39000,3.29000,0.07020
8.49000,3.29000,0.07031
8.59000,3.29000,0.07042
8.69000,3.29000,0.07052
8.79000,3.29000,0.07061
8.89000,3.29000,0.07069
8.99000,3.29000,0.07077
9.09000,3.29000,0.07083
9.19000,3.29000,0.07089
9.29000,3.29000,0.07095
9.39000,3.29000,0.07099
9.50000,3.29000,0.07103
9.60000,3.29000,0.07105
9.70000,3.29000,0.07108
9.80000,3.29000,0.07109
9.90000,3.29000,0.07110
0.00000,3.39000,0.10766
0.10000,3.39000,0.10759
0.20000,3.39000,0.10745
0.30000,3.39000,0.10724
0.40000,3.39000,0.10696
0.50000,3.39000,0.10661
0.60000,3.39000,0.10621
0.70000,3.39000,0.10574
0.80000,3.39000,0.10522
0.90000,3.39000,0.10465
1.00000,3.39000,0.10403
1.10000,3.39000,0.10336
1.20000,3.39000,0.10266
1.30000,3.39000,0.10193
1.40000,3.39000,0.10117
1.50000,3.39000,0.10038
1.60000,3.39000,0.09958
1.70000,3.39000,0.09876
1.80000,3.39000,0.09794
1.90000,3.39000,0.09711
2.00000,3.39000,0.09628
2.10000,3.39000,0.09545
2.20000,3.39000,0.09464
2.30000,3.39000,0.09384
2.39000,3.39000,0.09305
2.49000,3.39000,0.09227
2.59000,3.39000,0.09152
2.69000,3.39000,0.09078
2.79000,3.39000,0.09007
2.89000,3.39000,0.08937
2.99000,3.39000,0.08870
3.09000,3.39000,0.08805
3.19000,3.39000,0.08742
3.29000,3.39000,0.08680
3.39000,3.39000,0.08620
3.49000,3.39000,0.08560
3.59000,3.39000,0.08502
3.69000,3.39000,0.08444
3.79000,3.39000,0.08386
3.89000,3.39000,0.08327
3.99000,3.39000,0.08266
4.09000,3.39000,0.08203
4.19000,3.39000,0.08137
4.29000,3.39000,0.08067
4.39000,3.39000,0.07992
4.49000,3.39000,0.07910
4.59000,3.39000,0.07820
4.69000,3.39000,0.07721
4.79000,3.39000,0.07609
4.89000,3.39000,0.07484
4.99000,3.39000,0.07343
5.09000,3.39000,0.07228
5.19000,3.39000,0.07134
5.29000,3.39000,0.07058
5.39000,3.39000,0.06995
5.49000,3.39000,0.06944
5.59000,3.39000,0.06902
5.69000,3.39000,0.06869
5.79000,3.39000,0.06842
5.89000,3.39000,0.06822
5.99000,3.39000,0.06806
6.09000,3.39000,0.06795
6.19000,3.39000,0.06788
6.29000,3.39000,0.06785
6.39000,3.39000,0.06784
6.49000,3.39000,0.06786
6.59000,3.39000,0.06790
6.69000,3.39000,0.06797
6.79000,3.39000,0.06805
6.89000,3.39000,0.06814
6.99000,3.39000,0.06825
7.09000,3.39000,0.06837
7.19000,3.39000,0.06850
7.29000,3.39000,0.06864
7.39000,3.39000,0.06878
7.49000,3.39000,0.06893
7.59000,3.39000,0.06907
7.69000,3.39000,0.06922
7.79000,3.39000,0.06937
7.89000,3.39000,0.06952
7.99000,3.39000,0.06966
8.09000,3.39000,0.06981
8.19000,3.39000,0.06994
8.29000,3.39000,0.07007
8.39000,3.39000,0.07020
8.49000,3.39000,0.07032
8.59000,3.39000,0.07043
8.69000,3.39000,0.07054
8.79000,3.39000,0.07063
8.89000,3.39000,0.07072
8.99000,3.39000,0.07080
9.09000,3.39000,0.07087
9.19000,3.39000,0.07094
9.29000,3.39000,0.07100
9.39000,3.39000,0.07104
9.50000,3.39000,0.07108
9.60000,3.39000,0.07112
9.70000,3.39000,0.07114
9.80000,3.39000,0.07116
9.90000,3.39000,0.07116
0.00000,3.49000,0.10831
0.10000,3.49000,0.10824
0.20000,3.49000,0.10810
0.30000,3.49000,0.10789
0.40000,3.49000,0.10761
0.50000,3.49000,0.10726
0.60000,3.49000,0.10686
0.70000,3.49000,0.10639
0.80000,3.49000,0.10587
0.90000,3.49000,0.10530
1.00000,3.49000,0.10467
1.10000,3.49000,0.10401
1.20000,3.49000,0.10331
1.30000,3.49000,0.10257
1.40000,3.49000,0.10181
1.50000,3.49000,0.10102
1.60000,3.49000,0.10022
1.70000,3.49000,0.09940
1.80000,3.49000,0.09858
1.90000,3.49000,0.09775
2.00000,3.49000,0.09692
2.10000,3.49000,0.09609
2.20000,3.49000,0.09527
2.30000,3.49000,0.09447
2.39000,3.49000,0.09368
2.49000,3.49000,0.09290
2.59000,3.49000,0.09214
2.69000,3.49000,0.09141
2.79000,3.49000,0.09069
2.89000,3.49000,0.08999
2.99000,3.49000,0.08931
3.09000,3.49000,0.08865
3.19000,3.49000,0.08801
3.29000,3.49000,0.08739
3.39000,3.49000,0.08678
3.49000,3.49000,0.08618
3.59000,3.49000,0.08559
3.69000,3.49000,0.08499
3.79000,3.49000,0.08440
3.89000,3.49000,0.08379
3.99000,3.49000,0.08317
4.09000,3.49000,0.08253
4.19000,3.49000,0.08185
4.29000,3.49000,0.08113
4.39000,3.49000,0.08036
4.49000,3.49000,0.07952
4.59000,3.49000,0.07860
4.69000,3.49000,0.07758
4.79000,3.49000,0.07644
4.89000,3.49000,0.07517
4.99000,3.49000,0.07372
5.09000,3.49000,0.07255
5.19000,3.49000,0.07159
5.29000,3.49000,0.07080
5.39000,3.49000,0.07015
5.49000,3.49000,0.06962
5.59000,3.49000,0.06918
5.69000,3.49000,0.06883
5.79000,3.49000,0.06855
5.89000,3.49000,0.06833
5.99000,3.49000,0.06816
6.09000,3.49000,0.06804
6.19000,3.49000,0.06795
6.29000,3.49000,0.06790
6.39000,3.49000,0.06789
6.49000,3.49000,0.06789
6.59000,3.49000,0.06793
6.69000,3.49000,0.06798
6.79000,3.49000,0.06805
6.89000,3.49000,0.06814
6.99000,3.49000,0.06825
7.09000,3.49000,0.06836
7.19000,3.49000,0.06849
7.29000,3.49000,0.06862
7.39000,3.49000,0.06876
7.49000,3.49000,0.06890
7.59000,3.49000,0.06905
7.69000,3.49000,0.06920
7.79000,3.49000,0.06935
7.89000,3.49000,0.06950
7.99000,3.49000,0.06965
8.09000,3.49000,0.06979
8.19000,3.49000,0.06994
8.29000,3.49000,0.07007
8.39000,3.49000,0.07020
8.49000,3.49000,0.07033
8.59000,3.49000,0.07044
8.69000,3.49000,0.07055
8.79000,3.49000,0.07066
8.89000,3.49000,0.07075
8.99000,3.49000,0.07084
9.09000,3.49000,0.07092
9.19000,3.49000,0.07098
9.29000,3.49000,0.07104
9.39000,3.49000,0.07110
9.50000,3.49000,0.07114
9.60000,3.49000,0.07117
9.70000,3.49000,0.07120
9.80000,3.49000,0.07122
9.90000,3.49000,0.07123
0.00000,3.59000,0.10891
0.10000,3.59000,0.10884
0.20000,3.59000,0.10870
0.30000,3.59000,0.10849
0.40000,3.59000,0.10821
0.50000,3.59000,0.10787
0.60000,3.59000,0.10746
0.70000,3.59000,0.10699
0.80000,3.59000,0.10647
0.90000,3.59000,0.10590
1.00000,3.59000,0.10528
1.10000,3.59000,0.10461
1.20000,3.59000,0.10391
1.30000,3.59000,0.10317
1.40000,3.59000,0.10241
1.50000,3.59000,0.10162
1.60000,3.59000,0.10082
1.70000,3.59000,0.10000
1.80000,3.59000,0.09918
1.90000,3.59000,0.09835
2.00000,3.59000,0.09752
2.10000,3.59000,0.09669
2.20000,3.59000,0.09588
2.30000,3.59000,0.09507
2.39000,3.59000,0.09428
2.49000,3.59000,0.09350
2.59000,3.59000,0.09274
2.69000,3.59000,0.09200
2.79000,3.59000,0.09128
2.89000,3.59000,0.09058
2.99000,3.59000,0.08990
3.09000,3.59000,0.08923
3.19000,3.59000,0.08859
3.29000,3.59000,0.08796
3.39000,3.59000,0.08734
3.49000,3.59000,0.08673
3.59000,3.59000,0.08613
3.69000,3.59000,0.08552
3.79000,3.59000,0.08492
3.89000,3.59000,0.08430
3.99000,3.59000,0.08366
4.09000,3.59000,0.08301
4.19000,3.59000,0.08231
4.29000,3.59000,0.08158
4.39000,3.59000,0.08078
4.49000,3.59000,0.07992
4.59000,3.59000,0.07898
4.69000,3.59000,0.07794
4.79000,3.59000,0.07678
4.89000,3.59000,0.07547
4.99000,3.59000,0.07401
5.09000,3.59000,0.07281
5.19000,3.59000,0.07182
5.29000,3.59000,0.07101
5.39000,3.59000,0.07034
5.49000,3.59000,0.06979
5.59000,3.59000,0.06934
5.69000,3.59000,0.06897
5.79000,3.59000,0.06868
5.89000,3.59000,0.06844
5.99000,3.59000,0.06825
6.09000,3.59000,0.06812
6.19000,3.59000,0.06802
6.29000,3.59000,0.06796
6.39000,3.59000,0.06793
6.49000,3.59000,0.06793
6.59000,3.59000,0.06795
6.69000,3.59000,0.06800
6.79000,3.59000,0.06806
6.89000,3.59000,0.06815
6.99000,3.59000,0.06824
7.09000,3.59000,0.06835
7.19000,3.59000,0.06847
7.29000,3.59000,0.06860
7.39000,3.59000,0.06874
7.49000,3.59000,0.06889
7.59000,3.59000,0.06903
7.69000,3.59000,0.06919
7.79000,3.59000,0.06934
7.89000,3.59000,0.06949
7.99000,3.59000,0.06964
8.09000,3.59000,0.06979
8.19000,3.59000,0.06993
8.29000,3.59000,0.07007
8.39000,3.59000,0.07021
8.49000,3.59000,0.07034
8.59000,3.59000,0.07046
8.69000,3.59000,0.07058
8.79000,3.59000,0.07068
8.89000,3.59000,0.07078
8.99000,3.59000,0.07087
9.09000,3.59000,0.07096
9.19000,3.59000,0.07103
9.29000,3.59000,0.07109
9.39000,3.59000,0.07115
9.50000,3.59000,0.07120
9.60000,3.59000,0.07123
9.70000,3.59000,0.07126
9.80000,3.59000,0.07128
9.90000,3.59000,0.07129
0.00000,3.69000,0.10946
0.10000,3.69000,0.10939
0.20000,3.69000,0.10925
0.30000,3.69000,0.10904
0.40000,3.69000,0.10876
0.50000,3.69000,0.10842
0.60000,3.69000,0.10801
0.70000,3.69000,0.10754
0.80000,3.69000,0.10702
0.90000,3.69000,0.10645
1.00000,3.69000,0.10583
1.10000,3.69000,0.10517
1.20000,3.69000,0.10446
1.30000,3.69000,0.10373
1.40000,3.69000,0.10297
1.50000,3.69000,0.10218
1.60000,3.69000,0.10138
1.70000,3.69000,0.10056
1.80000,3.69000,0.09974
1.90000,3.69000,0.09891
2.00000,3.69000,0.09808
2.10000,3.69000,0.09726
2.20000,3.69000,0.09644
2.30000,3.69000,0.09564
2.39000,3.69000,0.09484
2.49000,3.69000,0.09407
2.59000,3.69000,0.09331
2.69000,3.69000,0.09256
2.79000,3.69000,0.09184
2.89000,3.69000,0.09114
2.99000,3.69000,0.09045
3.09000,3.69000,0.08978
3.19000,3.69000,0.08913
3.29000,3.69000,0.08850
3.39000,3.69000,0.08787
3.49000,3.69000,0.08725
3.59000,3.69000,0.08664
3.69000,3.69000,0.08603
3.79000,3.69000,0.08541
3.89000,3.69000,0.08478
3.99000,3.69000,0.08413
4.09000,3.69000,0.08346
4.19000,3.69000,0.08275
4.29000,3.69000,0.08200
4.39000,3.69000,0.08119
4.49000,3.69000,0.08031
4.59000,3.69000,0.07935
4.69000,3.69000,0.07828
4.79000,3.69000,0.07710
4.89000,3.69000,0.07577
4.99000,3.69000,0.07428
5.09000,3.69000,0.07305
5.19000,3.69000,0.07205
5.29000,3.69000,0.07122
5.39000,3.69000,0.07053
5.49000,3.69000,0.06996
5.59000,3.69000,0.06949
5.69000,3.69000,0.06911
5.79000,3.69000,0.06880
5.89000,3.69000,0.06854
5.99000,3.69000,0.06835
6.09000,3.69000,0.06820
6.19000,3.69000,0.06809
6.29000,3.69000,0.06802
6.39000,3.69000,0.06798
6.49000,3.69000,0.06797
6.59000,3.69000,0.06798
6.69000,3.69000,0.06802
6.79000,3.69000,0.06808
6.89000,3.69000,0.06815
6.99000,3.69000,0.06825
7.09000,3.69000,0.06835
7.19000,3.69000,0.06847
7.29000,3.69000,0.06860
7.39000,3.69000,0.06873
7.49000,3.69000,0.06888
7.59000,3.69000,0.06903
7.69000,3.69000,0.06918
7.79000,3.69000,0.06933
7.89000,3.69000,0.06948
7.99000,3.69000,0.06964
8.09000,3.69000,0.06979
8.19000,3.69000,0.06994
8.29000,3.69000,0.07008
8.39000,3.69000,0.07022
8.49000,3.69000,0.07035
8.59000,3.69000,0.07048
8.69000,3.69000,0.07060
8.79000,3.69000,0.07071
8.89000,3.69000,0.07082
8.99000,3.69000,0.07091
9.09000,3.69000,0.07100
9.19000,3.69000,0.07108
9.29000,3.69000,0.07114
9.39000,3.69000,0.07120
9.50000,3.69000,0.07125
9.60000,3.69000,0.07129
9.70000,3.69000,0.07132
9.80000,3.69000,0.07134
9.90000,3.69000,0.07135
0.00000,3.79000,0.10995
0.10000,3.79000,0.10988
0.20000,3.79000,0.10974
0.30000,3.79000,0.10953
0.40000,3.79000,0.10925
0.50000,3.79000,0.10891
0.60000,3.79000,0.10851
0.70000,3.79000,0.10804
0.80000,3.79000,0.10752
0.90000,3.79000,0.10695
1.00000,3.79000,0.10633
1.10000,3.79000,0.10567
1.20000,3.79000,0.10497
1.30000,3.79000,0.10424
1.40000,3.79000,0.10348
1.50000,3.79000,0.10270
1.60000,3.79000,0.10190
1.70000,3.79000,0.10108
1.80000,3.79000,0.10026
1.90000,3.79000,0.09943
2.00000,3.79000,0.09861
2.10000,3.79000,0.09779
2.20000,3.79000,0.09697
2.30000,3.79000,0.09617
2.39000,3.79000,0.09537
2.49000,3.79000,0.09460
2.59000,3.79000,0.09384
2.69000,3.79000,0.09310
2.79000,3.79000,0.09237
2.89000,3.79000,0.09167
2.99000,3.79000,0.09098
3.09000,3.79000,0.09031
3.19000,3.79000,0.08965
3.29000,3.79000,0.08901
3.39000,3.79000,0.08838
3.49000,3.79000,0.08775
3.59000,3.79000,0.08713
3.69000,3.79000,0.08651
3.79000,3.79000,0.08588
3.89000,3.79000,0.08524
3.99000,3.79000,0.08458
4.09000,3.79000,0.08390
4.19000,3.79000,0.08317
4.29000,3.79000,0.08240
4.39000,3.79000,0.08158
4.49000,3.79000,0.08068
4.59000,3.79000,0.07969
4.69000,3.79000,0.07861
4.79000,3.79000,0.07740
4.89000,3.79000,0.07605
4.99000,3.79000,0.07453
5.09000,3.79000,0.07329
5.19000,3.79000,0.07226
5.29000,3.79000,0.07141
5.39000,3.79000,0.07071
5.49000,3.79000,0.07012
5.59000,3.79000,0.06964
5.69000,3.79000,0.06924
5.79000,3.79000,0.06891
5.89000,3.79000,0.06865
5.99000,3.79000,0.06844
6.09000,3.79000,0.06828
6.19000,3.79000,0.06816
6.29000,3.79000,0.06807
6.39000,3.79000,0.06803
6.49000,3.79000,0.06801
6.59000,3.79000,0.06801
6.69000,3.79000,0.06804
6.79000,3.79000,0.06810
6.89000,3.79000,0.06817
6.99000,3.79000,0.06825
7.09000,3.79000,0.06836
7.19000,3.79000,0.06847
7.29000,3.79000,0.06860
7.39000,3.79000,0.06873
7.49000,3.79000,0.06887
7.59000,3.79000,0.06902
7.69000,3.79000,0.06917
7.79000,3.79000,0.06933
7.89000,3.79000,0.06949
7.99000,3.79000,0.06964
8.09000,3.79000,0.06979
8.19000,3.79000,0.06995
8.29000,3.79000,0.07009
8.39000,3.79000,0.07024
8.49000,3.79000,0.07037
8.59000,3.79000,0.07051
8.69000,3.79000,0.07063
8.79000,3.79000,0.07075
8.89000,3.79000,0.07085
8.99000,3.79000,0.07095
9.09000,3.79000,0.07104
9.19000,3.79000,0.07112
9.29000,3.79000,0.07119
9.39000,3.79000,0.07126
9.50000,3.79000,0.07131
9.60000,3.79000,0.07135
9.70000,3.79000,0.07138
9.80000,3.79000,0.07140
9.90000,3.79000,0.07141
0.00000,3.89000,0.11039
0.10000,3.89000,0.11032
0.20000,3.89000,0.11018
0.30000,3.89000,0.10997
0.40000,3.89000,0.10969
0.50000,3.89000,0.10935
0.60000,3.89000,0.10895
0.70000,3.89000,0.10849
0.80000,3.89000,0.10797
0.90000,3.89000,0.10740
1.00000,3.89000,0.10678
1.10000,3.89000,0.10613
1.20000,3.89000,0.10543
1.30000,3.89000,0.10470
1.40000,3.89000,0.10395
1.50000,3.89000,0.10317
1.60000,3.89000,0.10237
1.70000,3.89000,0.10156
1.80000,3.89000,0.10074
1.90000,3.89000,0.09992
2.00000,3.89000,0.09909
2.10000,3.89000,0.09828
2.20000,3.89000,0.09746
2.30000,3.89000,0.09666
2.39000,3.89000,0.09587
2.49000,3.89000,0.09510
2.59000,3.89000,0.09434
2.69000,3.89000,0.09359
2.79000,3.89000,0.09287
2.89000,3.89000,0.09216
2.99000,3.89000,0.09147
3.09000,3.89000,0.09080
3.19000,3.89000,0.09014
3.29000,3.89000,0.08950
3.39000,3.89000,0.08886
3.49000,3.89000,0.08823
3.59000,3.89000,0.08760
3.69000,3.89000,0.08697
3.79000,3.89000,0.08633
3.89000,3.89000,0.08568
3.99000,3.89000,0.08501
4.09000,3.89000,0.08431
4.19000,3.89000,0.08357
4.29000,3.89000,0.08279
4.39000,3.89000,0.08194
4.49000,3.89000,0.08103
4.59000,3.89000,0.08003
4.69000,3.89000,0.07892
4.79000,3.89000,0.07769
4.89000,3.89000,0.07632
4.99000,3.89000,0.07478
5.09000,3.89000,0.07351
5.19000,3.89000,0.07247
5.29000,3.89000,0.07160
5.39000,3.89000,0.07088
5.49000,3.89000,0.07028
5.59000,3.89000,0.06978
5.69000,3.89000,0.06937
5.79000,3.89000,0.06903
5.89000,3.89000,0.06875
5.99000,3.89000,0.06853
6.09000,3.89000,0.06836
6.19000,3.89000,0.06823
6.29000,3.89000,0.06814
6.39000,3.89000,0.06808
6.49000,3.89000,0.06805
6.59000,3.89000,0.06805
6.69000,3.89000,0.06807
6.79000,3.89000,0.06812
6.89000,3.89000,0.06819
6.99000,3.89000,0.06827
7.09000,3.89000,0.06837
7.19000,3.89000,0.06848
7.29000,3.89000,0.06861
7.39000,3.89000,0.06874
7.49000,3.89000,0.06888
7.59000,3.89000,0.06903
7.69000,3.89000,0.06918
7.79000,3.89000,0.06934
7.89000,3.89000,0.06949
7.99000,3.89000,0.06965
8.09000,3.89000,0.06981
8.19000,3.89000,0.06996
8.29000,3.89000,0.07011
8.39000,3.89000,0.07026
8.49000,3.89000,0.07040
8.59000,3.89000,0.07053
8.69000,3.89000,0.07066
8.79000,3.89000,0.07078
8.89000,3.89000,0.07089
8.99000,3.89000,0.07100
9.09000,3.89000,0.07109
9.19000,3.89000,0.07117
9.29000,3.89000,0.07125
9.39000,3.89000,0.07131
9.50000,3.89000,0.07136
9.60000,3.89000,0.07141
9.70000,3.89000,0.07144
9.80000,3.89000,0.07146
9.90000,3.89000,0.07147
0.00000,3.99000,0.11077
0.10000,3.99000,0.11070
0.20000,3.99000,0.11056
0.30000,3.99000,0.11035
0.40000,3.99000,0.11008
0.50000,3.99000,0.10974
0.60000,3.99000,0.10934
0.70000,3.99000,0.10888
0.80000,3.99000,0.10836
0.90000,3.99000,0.10780
1.00000,3.99000,0.10718
1.10000,3.99000,0.10653
1.20000,3.99000,0.10584
1.30000,3.99000,0.10511
1.40000,3.99000,0.10436
1.50000,3.99000,0.10359
1.60000,3.99000,0.10280
1.70000,3.99000,0.10199
1.80000,3.99000,0.10118
1.90000,3.99000,0.10036
2.00000,3.99000,0.09954
2.10000,3.99000,0.09872
2.20000,3.99000,0.09792
2.30000,3.99000,0.09712
2.39000,3.99000,0.09633
2.49000,3.99000,0.09556
2.59000,3.99000,0.09480
2.69000,3.99000,0.09406
2.79000,3.99000,0.09334
2.89000,3.99000,0.09263
2.99000,3.99000,0.09194
3.09000,3.99000,0.09127
3.19000,3.99000,0.09060
3.29000,3.99000,0.08995
3.39000,3.99000,0.08931
3.49000,3.99000,0.08868
3.59000,3.99000,0.08804
3.69000,3.99000,0.08740
3.79000,3.99000,0.08676
3.89000,3.99000,0.08610
3.99000,3.99000,0.08541
4.09000,3.99000,0.08470
4.19000,3.99000,0.08395
4.29000,3.99000,0.08315
4.39000,3.99000,0.08229
4.49000,3.99000,0.08136
4.59000,3.99000,0.08034
4.69000,3.99000,0.07922
4.79000,3.99000,0.07797
4.89000,3.99000,0.07658
4.99000,3.99000,0.07501
5.09000,3.99000,0.07373
5.19000,3.99000,0.07266
5.29000,3.99000,0.07178
5.39000,3.99000,0.07104
5.49000,3.99000,0.07043
5.59000,3.99000,0.06992
5.69000,3.99000,0.06949
5.79000,3.99000,0.06914
5.89000,3.99000,0.06885
5.99000,3.99000,0.06862
6.09000,3.99000,0.06844
6.19000,3.99000,0.06830
6.29000,3.99000,0.06820
6.39000,3.99000,0.06813
6.49000,3.99000,0.06810
6.59000,3.99000,0.06809
6.69000,3.99000,0.06811
6.79000,3.99000,0.06815
6.89000,3.99000,0.06821
6.99000,3.99000,0.06829
7.09000,3.99000,0.06839
7.19000,3.99000,0.06850
7.29000,3.99000,0.06862
7.39000,3.99000,0.06875
7.49000,3.99000,0.06889
7.59000,3.99000,0.06904
7.69000,3.99000,0.06920
7.79000,3.99000,0.06935
7.89000,3.99000,0.06951
7.99000,3.99000,0.06967
8.09000,3.99000,0.06983
8.19000,3.99000,0.06998
8.29000,3.99000,0.07014
8.39000,3.99000,0.07029
8.49000,3.99000,0.07043
8.59000,3.99000,0.07057
8.69000,3.99000,0.07070
8.79000,3.99000,0.07082
8.89000,3.99000,0.07094
8.99000,3.99000,0.07104
9.09000,3.99000,0.07114
9.19000,3.99000,0.07122
9.29000,3.99000,0.07130
9.39000,3.99000,0.07137
9.50000,3.99000,0.07142
9.60000,3.99000,0.07146
9.70000,3.99000,0.07150
9.80000,3.99000,0.07152
9.90000,3.99000,0.07153
0.00000,4.09000,0.11109
0.10000,4.09000,0.11102
0.20000,4.09000,0.11088
0.30000,4.09000,0.11068
0.40000,4.09000,0.11040
0.50000,4.09000,0.11007
0.60000,4.09000,0.10967
0.70000,4.09000,0.10921
0.80000,4.09000,0.10870
0.90000,4.09000,0.10814
1.00000,4.09000,0.10753
1.10000,4.09000,0.10688
1.20000,4.09000,0.10620
1.30000,4.09000,0.10548
1.40000,4.09000,0.10473
1.50000,4.09000,0.10396
1.60000,4.09000,0.10318
1.70000,4.09000,0.10238
1.80000,4.09000,0.10157
1.90000,4.09000,0.10076
2.00000,4.09000,0.09994
2.10000,4.09000,0.09913
2.20000,4.09000,0.09833
2.30000,4.09000,0.09754
2.39000,4.09000,0.09675
2.49000,4.09000,0.09599
2.59000,4.09000,0.09523
2.69000,4.09000,0.09449
2.79000,4.09000,0.09377
2.89000,4.09000,0.09307
2.99000,4.09000,0.09238
3.09000,4.09000,0.09170
3.19000,4.09000,0.09104
3.29000,4.09000,0.09038
3.39000,4.09000,0.08974
3.49000,4.09000,0.08910
3.59000,4.09000,0.08846
3.69000,4.09000,0.08781
3.79000,4.09000,0.08716
3.89000,4.09000,0.08649
3.99000,4.09000,0.08580
4.09000,4.09000,0.08507
4.19000,4.09000,0.08431
4.29000,4.09000,0.08350
4.39000,4.09000,0.08262
4.49000,4.09000,0.08168
4.59000,4.09000,0.08064
4.69000,4.09000,0.07950
4.79000,4.09000,0.07823
4.89000,4.09000,0.07682
4.99000,4.09000,0.07524
5.09000,4.09000,0.07393
5.19000,4.09000,0.07285
5.29000,4.09000,0.07195
5.39000,4.09000,0.07120
5.49000,4.09000,0.07057
5.59000,4.09000,0.07005
5.69000,4.09000,0.06961
5.79000,4.09000,0.06925
5.89000,4.09000,0.06895
5.99000,4.09000,0.06871
6.09000,4.09000,0.06852
6.19000,4.09000,0.06837
6.29000,4.09000,0.06826
6.39000,4.09000,0.06819
6.49000,4.09000,0.06815
6.59000,4.09000,0.06814
6.69000,4.09000,0.06815
6.79000,4.09000,0.06819
6.89000,4.09000,0.06825
6.99000,4.09000,0.06832
7.09000,4.09000,0.06842
7.19000,4.09000,0.06852
7.29000,4.09000,0.06865
7.39000,4.09000,0.06878
7.49000,4.09000,0.06892
7.59000,4.09000,0.06906
7.69000,4.09000,0.06922
7.79000,4.09000,0.06937
7.89000,4.09000,0.06953
7.99000,4.09000,0.06969
8.09000,4.09000,0.06985
8.19000,4.09000,0.07001
8.29000,4.09000,0.07017
8.39000,4.09000,0.07032
8.49000,4.09000,0.07047
8.59000,4.09000,0.07061
8.69000,4.09000,0.07074
8.79000,4.09000,0.07086
8.89000,4.09000,0.07098
8.99000,4.09000,0.07109
9.09000,4.09000,0.07119
9.19000,4.09000,0.07128
9.29000,4.09000,0.07135
9.39000,4.09000,0.07142
9.50000,4.09000,0.07148
9.60000,4.09000,0.07152
9.70000,4.09000,0.07156
9.80000,4.09000,0.07158
9.90000,4.09000,0.07159
0.00000,4.19000,0.11135
0.10000,4.19000,0.11128
0.20000,4.19000,0.11114
0.30000,4.19000,0.11094
0.40000,4.19000,0.11067
0.50000,4.19000,0.11034
0.60000,4.19000,0.10994
0.70000,4.19000,0.10949
0.80000,4.19000,0.10898
0.90000,4.19000,0.10843
1.00000,4.19000,0.10783
1.10000,4.19000,0.10718
1.20000,4.19000,0.10650
1.30000,4.19000,0.10579
1.40000,4.19000,0.10505
1.50000,4.19000,0.10429
1.60000,4.19000,0.10351
1.70000,4.19000,0.10272
1.80000,4.19000,0.10192
1.90000,4.19000,0.10111
2.00000,4.19000,0.10031
2.10000,4.19000,0.09950
2.20000,4.19000,0.09871
2.30000,4.19000,0.09792
2.39000,4.19000,0.09714
2.49000,4.19000,0.09638
2.59000,4.19000,0.09563
2.69000,4.19000,0.09489
2.79000,4.19000,0.09417
2.89000,4.19000,0.09347
2.99000,4.19000,0.09278
3.09000,4.19000,0.09211
3.19000,4.19000,0.09144
3.29000,4.19000,0.09079
3.39000,4.19000,0.09014
3.49000,4.19000,0.08950
3.59000,4.19000,0.08885
3.69000,4.19000,0.08820
3.79000,4.19000,0.08754
3.89000,4.19000,0.08686
3.99000,4.19000,0.08616
4.09000,4.19000,0.08542
4.19000,4.19000,0.08465
4.29000,4.19000,0.08382
4.39000,4.19000,0.08294
4.49000,4.19000,0.08198
4.59000,4.19000,0.08093
4.69000,4.19000,0.07977
4.79000,4.19000,0.07848
4.89000,4.19000,0.07705
4.99000,4.19000,0.07545
5.09000,4.19000,0.07413
5.19000,4.19000,0.07303
5.29000,4.19000,0.07212
5.39000,4.19000,0.07135
5.49000,4.19000,0.07071
5.59000,4.19000,0.07018
5.69000,4.19000,0.06973
5.79000,4.19000,0.06936
5.89000,4.19000,0.06905
5.99000,4.19000,0.06880
6.09000,4.19000,0.06860
6.19000,4.19000,0.06845
6.29000,4.19000,0.06833
6.39000,4.19000,0.06826
6.49000,4.19000,0.06821
6.59000,4.19000,0.06819
6.69000,4.19000,0.06820
6.79000,4.19000,0.06823
6.89000,4.19000,0.06829
6.99000,4.19000,0.06836
7.09000,4.19000,0.06845
7.19000,4.19000,0.06856
7.29000,4.19000,0.06868
7.39000,4.19000,0.06881
7.49000,4.19000,0.06895
7.59000,4.19000,0.06909
7.69000,4.19000,0.06925
7.79000,4.19000,0.06941
7.89000,4.19000,0.06957
7.99000,4.19000,0.06973
8.09000,4.19000,0.06989
8.19000,4.19000,0.07005
8.29000,4.19000,0.07021
8.39000,4.19000,0.07036
8.49000,4.19000,0.07051
8.59000,4.19000,0.07065
8.69000,4.19000,0.07078
8.79000,4.19000,0.07091
8.89000,4.19000,0.07103
8.99000,4.19000,0.07114
9.09000,4.19000,0.07124
9.19000,4.19000,0.07133
9.29000,4.19000,0.07141
9.39000,4.19000,0.07148
9.50000,4.19000,0.07154
9.60000,4.19000,0.07158
9.70000,4.19000,0.07162
9.80000,4.19000,0.07164
9.90000,4.19000,0.07165
0.00000,4.29000,0.11155
0.10000,4.29000,0.11148
0.20000,4.29000,0.11135
0.30000,4.29000,0.11115
0.40000,4.29000,0.11088
0.50000,4.29000,0.11055
0.60000,4.29000,0.11016
0.70000,4.29000,0.10971
0.80000,4.29000,0.10921
0.90000,4.29000,0.10866
1.00000,4.29000,0.10807
1.10000,4.29000,0.10743
1.20000,4.29000,0.10676
1.30000,4.29000,0.10605
1.40000,4.29000,0.10532
1.50000,4.29000,0.10457
1.60000,4.29000,0.10380
1.70000,4.29000,0.10302
1.80000,4.29000,0.10222
1.90000,4.29000,0.10143
2.00000,4.29000,0.10063
2.10000,4.29000,0.09983
2.20000,4.29000,0.09904
2.30000,4.29000,0.09826
2.39000,4.29000,0.09749
2.49000,4.29000,0.09674
2.59000,4.29000,0.09599
2.69000,4.29000,0.09526
2.79000,4.29000,0.09455
2.89000,4.29000,0.09385
2.99000,4.29000,0.09316
3.09000,4.29000,0.09248
3.19000,4.29000,0.09182
3.29000,4.29000,0.09116
3.39000,4.29000,0.09051
3.49000,4.29000,0.08987
3.59000,4.29000,0.08922
3.69000,4.29000,0.08856
3.79000,4.29000,0.08789
3.89000,4.29000,0.08721
3.99000,4.29000,0.08650
4.09000,4.29000,0.08575
4.19000,4.29000,0.08497
4.29000,4.29000,0.08413
4.39000,4.29000,0.08324
4.49000,4.29000,0.08226
4.59000,4.29000,0.08120
4.69000,4.29000,0.08002
4.79000,4.29000,0.07872
4.89000,4.29000,0.07727
4.99000,4.29000,0.07565
5.09000,4.29000,0.07431
5.19000,4.29000,0.07320
5.29000,4.29000,0.07228
5.39000,4.29000,0.07150
5.49000,4.29000,0.07085
5.59000,4.29000,0.07031
5.69000,4.29000,0.06985
5.79000,4.29000,0.06947
5.89000,4.29000,0.06915
5.99000,4.29000,0.06889
6.09000,4.29000,0.06869
6.19000,4.29000,0.06853
6.29000,4.29000,0.06841
6.39000,4.29000,0.06832
6.49000,4.29000,0.06827
6.59000,4.29000,0.06825
6.69000,4.29000,0.06826
6.79000,4.29000,0.06829
6.89000,4.29000,0.06834
6.99000,4.29000,0.06841
7.09000,4.29000,0.06850
7.19000,4.29000,0.06860
7.29000,4.29000,0.06872
7.39000,4.29000,0.06885
7.49000,4.29000,0.06899
7.59000,4.29000,0.06913
7.69000,4.29000,0.06929
7.79000,4.29000,0.06945
7.89000,4.29000,0.06961
7.99000,4.29000,0.06977
8.09000,4.29000,0.06993
8.19000,4.29000,0.07009
8.29000,4.29000,0.07025
8.39000,4.29000,0.07040
8.49000,4.29000,0.07055
8.59000,4.29000,0.07070
8.69000,4.29000,0.07083
8.79000,4.29000,0.07096
8.89000,4.29000,0.07108
8.99000,4.29000,0.07119
9.09000,4.29000,0.07130
9.19000,4.29000,0.07139
9.29000,4.29000,0.07147
9.39000,4.29000,0.07154
9.50000,4.29000,0.07160
9.60000,4.29000,0.07164
9.70000,4.29000,0.07168
9.80000,4.29000,0.07170
9.90000,4.29000,0.07171
0.00000,4.39000,0.11169
0.10000,4.39000,0.11163
0.20000,4.39000,0.11149
0.30000,4.39000,0.11129
0.40000,4.39000,0.11103
0.50000,4.39000,0.11070
0.60000,4.39000,0.11032
0.70000,4.39000,0.10988
0.80000,4.39000,0.10938
0.90000,4.39000,0.10884
1.00000,4.39000,0.10825
1.10000,4.39000,0.10762
1.20000,4.39000,0.10696
1.30000,4.39000,0.10627
1.40000,4.39000,0.10554
1.50000,4.39000,0.10480
1.60000,4.39000,0.10404
1.70000,4.39000,0.10327
1.80000,4.39000,0.10248
1.90000,4.39000,0.10170
2.00000,4.39000,0.10091
2.10000,4.39000,0.10012
2.20000,4.39000,0.09934
2.30000,4.39000,0.09857
2.39000,4.39000,0.09781
2.49000,4.39000,0.09706
2.59000,4.39000,0.09632
2.69000,4.39000,0.09560
2.79000,4.39000,0.09489
2.89000,4.39000,0.09419
2.99000,4.39000,0.09350
3.09000,4.39000,0.09283
3.19000,4.39000,0.09217
3.29000,4.39000,0.09151
3.39000,4.39000,0.09086
3.49000,4.39000,0.09021
3.59000,4.39000,0.08956
3.69000,4.39000,0.08890
3.79000,4.39000,0.08823
3.89000,4.39000,0.08753
3.99000,4.39000,0.08682
4.09000,4.39000,0.08607
4.19000,4.39000,0.08527
4.29000,4.39000,0.08443
4.39000,4.39000,0.08352
4.49000,4.39000,0.08253
4.59000,4.39000,0.08145
4.69000,4.39000,0.08026
4.79000,4.39000,0.07895
4.89000,4.39000,0.07748
4.99000,4.39000,0.07585
5.09000,4.39000,0.07449
5.19000,4.39000,0.07337
5.29000,4.39000,0.07243
5.39000,4.39000,0.07165
5.49000,4.39000,0.07098
5.59000,4.39000,0.07043
5.69000,4.39000,0.06996
5.79000,4.39000,0.06957
5.89000,4.39000,0.06925
5.99000,4.39000,0.06899
6.09000,4.39000,0.06878
6.19000,4.39000,0.06861
6.29000,4.39000,0.06848
6.39000,4.39000,0.06840
6.49000,4.39000,0.06834
6.59000,4.39000,0.06832
6.69000,4.39000,0.06832
6.79000,4.39000,0.06834
6.89000,4.39000,0.06839
6.99000,4.39000,0.06846
7.09000,4.39000,0.06855
7.19000,4.39000,0.06865
7.29000,4.39000,0.06877
7.39000,4.39000,0.06890
7.49000,4.39000,0.06903
7.59000,4.39000,0.06918
7.69000,4.39000,0.06933
7.79000,4.39000,0.06949
7.89000,4.39000,0.06965
7.99000,4.39000,0.06982
8.09000,4.39000,0.06998
8.19000,4.39000,0.07014
8.29000,4.39000,0.07030
8.39000,4.39000,0.07045
8.49000,4.39000,0.07060
8.59000,4.39000,0.07075
8.69000,4.39000,0.07089
8.79000,4.39000,0.07102
8.89000,4.39000,0.07114
8.99000,4.39000,0.07125
9.09000,4.39000,0.07135
9.19000,4.39000,0.07144
9.29000,4.39000,0.07152
9.39000,4.39000,0.07160
9.50000,4.39000,0.07165
9.60000,4.39000,0.07170
9.70000,4.39000,0.07174
9.80000,4.39000,0.07176
9.90000,4.39000,0.07177
0.00000,4.49000,0.11178
0.10000,4.49000,0.11171
0.20000,4.49000,0.11158
0.30000,4.49000,0.11138
0.40000,4.49000,0.11112
0.50000,4.49000,0.11080
0.60000,4.49000,0.11042
0.70000,4.49000,0.10999
0.80000,4.49000,0.10950
0.90000,4.49000,0.10897
1.00000,4.49000,0.10839
1.10000,4.49000,0.10777
1.20000,4.49000,0.10712
1.30000,4.49000,0.10643
1.40000,4.49000,0.10572
1.50000,4.49000,0.10499
1.60000,4.49000,0.10424
1.70000,4.49000,0.10348
1.80000,4.49000,0.10270
1.90000,4.49000,0.10193
2.00000,4.49000,0.10115
2.10000,4.49000,0.10038
2.20000,4.49000,0.09961
2.30000,4.49000,0.09884
2.39000,4.49000,0.09809
2.49000,4.49000,0.09735
2.59000,4.49000,0.09662
2.69000,4.49000,0.09590
2.79000,4.49000,0.09519
2.89000,4.49000,0.09450
2.99000,4.49000,0.09382
3.09000,4.49000,0.09315
3.19000,4.49000,0.09249
3.29000,4.49000,0.09184
3.39000,4.49000,0.09119
3.49000,4.49000,0.09054
3.59000,4.49000,0.08988
3.69000,4.49000,0.08922
3.79000,4.49000,0.08854
3.89000,4.49000,0.08784
3.99000,4.49000,0.08712
4.09000,4.49000,0.08636
4.19000,4.49000,0.08556
4.29000,4.49000,0.08470
4.39000,4.49000,0.08378
4.49000,4.49000,0.08278
4.59000,4.49000,0.08169
4.69000,4.49000,0.08049
4.79000,4.49000,0.07916
4.89000,4.49000,0.07768
4.99000,4.49000,0.07603
5.09000,4.49000,0.07466
5.19000,4.49000,0.07353
5.29000,4.49000,0.07258
5.39000,4.49000,0.07178
5.49000,4.49000,0.07111
5.59000,4.49000,0.07055
5.69000,4.49000,0.07008
5.79000,4.49000,0.06968
5.89000,4.49000,0.06935
5.99000,4.49000,0.06908
6.09000,4.49000,0.06887
6.19000,4.49000,0.06870
6.29000,4.49000,0.06857
6.39000,4.49000,0.06847
6.49000,4.49000,0.06841
6.59000,4.49000,0.06839
6.69000,4.49000,0.06838
6.79000,4.49000,0.06841
6.89000,4.49000,0.06846
6.99000,4.49000,0.06852
7.09000,4.49000,0.06861
7.19000,4.49000,0.06871
7.29000,4.49000,0.06882
7.39000,4.49000,0.06895
7.49000,4.49000,0.06909
7.59000,4.49000,0.06924
7.69000,4.49000,0.06939
7.79000,4.49000,0.06955
7.89000,4.49000,0.06971
7.99000,4.49000,0.06987
8.09000,4.49000,0.07003
8.19000,4.49000,0.07019
8.29000,4.49000,0.07035
8.39000,4.49000,0.07051
8.49000,4.49000,0.07066
8.59000,4.49000,0.07080
8.69000,4.49000,0.07094
8.79000,4.49000,0.07107
8.89000,4.49000,0.07119
8.99000,4.49000,0.07131
9.09000,4.49000,0.07141
9.19000,4.49000,0.07150
9.29000,4.49000,0.07158
9.39000,4.49000,0.07165
9.50000,4.49000,0.07171
9.60000,4.49000,0.07176
9.70000,4.49000,0.07180
9.80000,4.49000,0.07182
9.90000,4.49000,0.07183
0.00000,4.59000,0.11181
0.10000,4.59000,0.11174
0.20000,4.59000,0.11161
0.30000,4.59000,0.11142
0.40000,4.59000,0.11116
0.50000,4.59000,0.11085
0.60000,4.59000,0.11047
0.70000,4.59000,0.11004
0.80000,4.59000,0.10957
0.90000,4.59000,0.10904
1.00000,4.59000,0.10847
1.10000,4.59000,0.10786
1.20000,4.59000,0.10722
1.30000,4.59000,0.10655
1.40000,4.59000,0.10585
1.50000,4.59000,0.10513
1.60000,4.59000,0.10439
1.70000,4.59000,0.10364
1.80000,4.59000,0.10288
1.90000,4.59000,0.10212
2.00000,4.59000,0.10135
2.10000,4.59000,0.10059
2.20000,4.59000,0.09983
2.30000,4.59000,0.09908
2.39000,4.59000,0.09833
2.49000,4.59000,0.09760
2.59000,4.59000,0.09688
2.69000,4.59000,0.09617
2.79000,4.59000,0.09547
2.89000,4.59000,0.09479
2.99000,4.59000,0.09411
3.09000,4.59000,0.09345
3.19000,4.59000,0.09279
3.29000,4.59000,0.09214
3.39000,4.59000,0.09149
3.49000,4.59000,0.09083
3.59000,4.59000,0.09018
3.69000,4.59000,0.08951
3.79000,4.59000,0.08883
3.89000,4.59000,0.08813
3.99000,4.59000,0.08740
4.09000,4.59000,0.08663
4.19000,4.59000,0.08582
4.29000,4.59000,0.08496
4.39000,4.59000,0.08403
4.49000,4.59000,0.08302
4.59000,4.59000,0.08192
4.69000,4.59000,0.08071
4.79000,4.59000,0.07937
4.89000,4.59000,0.07787
4.99000,4.59000,0.07621
5.09000,4.59000,0.07483
5.19000,4.59000,0.07368
5.29000,4.59000,0.07272
5.39000,4.59000,0.07192
5.49000,4.59000,0.07124
5.59000,4.59000,0.07067
5.69000,4.59000,0.07019
5.79000,4.59000,0.06979
5.89000,4.59000,0.06945
5.99000,4.59000,0.06918
6.09000,4.59000,0.06896
6.19000,4.59000,0.06878
6.29000,4.59000,0.06865
6.39000,4.59000,0.06855
6.49000,4.59000,0.06849
6.59000,4.59000,0.06846
6.69000,4.59000,0.06846
6.79000,4.59000,0.06848
6.89000,4.59000,0.06853
6.99000,4.59000,0.06859
7.09000,4.59000,0.06867
7.19000,4.59000,0.06877
7.29000,4.59000,0.06889
7.39000,4.59000,0.06902
7.49000,4.59000,0.06915
7.59000,4.59000,0.06930
7.69000,4.59000,0.06945
7.79000,4.59000,0.06961
7.89000,4.59000,0.06977
7.99000,4.59000,0.06993
8.09000,4.59000,0.07009
8.19000,4.59000,0.07025
8.29000,4.59000,0.07041
8.39000,4.59000,0.07057
8.49000,4.59000,0.07072
8.59000,4.59000,0.07086
8.69000,4.59000,0.07100
8.79000,4.59000,0.07113
8.89000,4.59000,0.07125
8.99000,4.59000,0.07136
9.09000,4.59000,0.07147
9.19000,4.59000,0.07156
9.29000,4.59000,0.07164
9.39000,4.59000,0.07171
9.50000,4.59000,0.07177
9.60000,4.59000,0.07182
9.70000,4.59000,0.07185
9.80000,4.59000,0.07188
9.90000,4.59000,0.07189
0.00000,4.69000,0.11178
0.10000,4.69000,0.11171
0.20000,4.69000,0.11159
0.30000,4.69000,0.11140
0.40000,4.69000,0.11114
0.50000,4.69000,0.11083
0.60000,4.69000,0.11047
0.70000,4.69000,0.11005
0.80000,4.69000,0.10958
0.90000,4.69000,0.10906
1.00000,4.69000,0.10851
1.10000,4.69000,0.10791
1.20000,4.69000,0.10728
1.30000,4.69000,0.10662
1.40000,4.69000,0.10593
1.50000,4.69000,0.10522
1.60000,4.69000,0.10450
1.70000,4.69000,0.10376
1.80000,4.69000,0.10302
1.90000,4.69000,0.10227
2.00000,4.69000,0.10152
2.10000,4.69000,0.10076
2.20000,4.69000,0.10002
2.30000,4.69000,0.09928
2.39000,4.69000,0.09855
2.49000,4.69000,0.09782
2.59000,4.69000,0.09711
2.69000,4.69000,0.09641
2.79000,4.69000,0.09572
2.89000,4.69000,0.09504
2.99000,4.69000,0.09437
3.09000,4.69000,0.09371
3.19000,4.69000,0.09306
3.29000,4.69000,0.09241
3.39000,4.69000,0.09176
3.49000,4.69000,0.09111
3.59000,4.69000,0.09045
3.69000,4.69000,0.08978
3.79000,4.69000,0.08910
3.89000,4.69000,0.08839
3.99000,4.69000,0.08766
4.09000,4.69000,0.08689
4.19000,4.69000,0.08607
4.29000,4.69000,0.08520
4.39000,4.69000,0.08426
4.49000,4.69000,0.08325
4.59000,4.69000,0.08214
4.69000,4.69000,0.08091
4.79000,4.69000,0.07956
4.89000,4.69000,0.07806
4.99000,4.69000,0.07637
5.09000,4.69000,0.07498
5.19000,4.69000,0.07383
5.29000,4.69000,0.07286
5.39000,4.69000,0.07205
5.49000,4.69000,0.07136
5.59000,4.69000,0.07079
5.69000,4.69000,0.07030
5.79000,4.69000,0.06989
5.89000,4.69000,0.06956
5.99000,4.69000,0.06928
6.09000,4.69000,0.06905
6.19000,4.69000,0.06887
6.29000,4.69000,0.06874
6.39000,4.69000,0.06864
6.49000,4.69000,0.06858
6.59000,4.69000,0.06854
6.69000,4.69000,0.06854
6.79000,4.69000,0.06856
6.89000,4.69000,0.06860
6.99000,4.69000,0.06867
7.09000,4.69000,0.06875
7.19000,4.69000,0.06885
7.29000,4.69000,0.06896
7.39000,4.69000,0.06909
7.49000,4.69000,0.06922
7.59000,4.69000,0.06937
7.69000,4.69000,0.06952
7.79000,4.69000,0.06967
7.89000,4.69000,0.06983
7.99000,4.69000,0.06999
8.09000,4.69000,0.07016
8.19000,4.69000,0.07032
8.29000,4.69000,0.07047
8.39000,4.69000,0.07063
8.49000,4.69000,0.07078
8.59000,4.69000,0.07092
8.69000,4.69000,0.07106
8.79000,4.69000,0.07119
8.89000,4.69000,0.07131
8.99000,4.69000,0.07142
9.09000,4.69000,0.07152
9.19000,4.69000,0.07161
9.29000,4.69000,0.07169
9.39000,4.69000,0.07176
9.50000,4.69000,0.07182
9.60000,4.69000,0.07187
9.70000,4.69000,0.07191
9.80000,4.69000,0.07193
9.90000,4.69000,0.07194
0.00000,4.79000,0.11170
0.10000,4.79000,0.11163
0.20000,4.79000,0.11151
0.30000,4.79000,0.11132
0.40000,4.79000,0.11108
0.50000,4.79000,0.11077
0.60000,4.79000,0.11041
0.70000,4.79000,0.11000
0.80000,4.79000,0.10954
0.90000,4.79000,0.10904
1.00000,4.79000,0.10849
1.10000,4.79000,0.10791
1.20000,4.79000,0.10729
1.30000,4.79000,0.10664
1.40000,4.79000,0.10597
1.50000,4.79000,0.10528
1.60000,4.79000,0.10457
1.70000,4.79000,0.10385
1.80000,4.79000,0.10311
1.90000,4.79000,0.10238
2.00000,4.79000,0.10164
2.10000,4.79000,0.10090
2.20000,4.79000,0.10017
2.30000,4.79000,0.09944
2.39000,4.79000,0.09873
2.49000,4.79000,0.09801
2.59000,4.79000,0.09731
2.69000,4.79000,0.09662
2.79000,4.79000,0.09594
2.89000,4.79000,0.09527
2.99000,4.79000,0.09461
3.09000,4.79000,0.09395
3.19000,4.79000,0.09330
3.29000,4.79000,0.09266
3.39000,4.79000,0.09201
3.49000,4.79000,0.09136
3.59000,4.79000,0.09071
3.69000,4.79000,0.09004
3.79000,4.79000,0.08935
3.89000,4.79000,0.08864
3.99000,4.79000,0.08790
4.09000,4.79000,0.08713
4.19000,4.79000,0.08631
4.29000,4.79000,0.08543
4.39000,4.79000,0.08448
4.49000,4.79000,0.08346
4.59000,4.79000,0.08234
4.69000,4.79000,0.08111
4.79000,4.79000,0.07974
4.89000,4.79000,0.07823
4.99000,4.79000,0.07653
5.09000,4.79000,0.07514
5.19000,4.79000,0.07397
5.29000,4.79000,0.07300
5.39000,4.79000,0.07218
5.49000,4.79000,0.07148
5.59000,4.79000,0.07090
5.69000,4.79000,0.07041
5.79000,4.79000,0.07000
5.89000,4.79000,0.06966
5.99000,4.79000,0.06938
6.09000,4.79000,0.06915
6.19000,4.79000,0.06897
6.29000,4.79000,0.06883
6.39000,4.79000,0.06873
6.49000,4.79000,0.06866
6.59000,4.79000,0.06863
6.69000,4.79000,0.06862
6.79000,4.79000,0.06864
6.89000,4.79000,0.06868
6.99000,4.79000,0.06875
7.09000,4.79000,0.06883
7.19000,4.79000,0.06892
7.29000,4.79000,0.06904
7.39000,4.79000,0.06916
7.49000,4.79000,0.06930
7.59000,4.79000,0.06944
7.69000,4.79000,0.06959
7.79000,4.79000,0.06974
7.89000,4.79000,0.06990
7.99000,4.79000,0.07006
8.09000,4.79000,0.07022
8.19000,4.79000,0.07038
8.29000,4.79000,0.07054
8.39000,4.79000,0.07069
8.49000,4.79000,0.07084
8.59000,4.79000,0.07098
8.69000,4.79000,0.07112
8.79000,4.79000,0.07124
8.89000,4.79000,0.07136
8.99000,4.79000,0.07147
9.09000,4.79000,0.07157
9.19000,4.79000,0.07167
9.29000,4.79000,0.07175
9.39000,4.79000,0.07182
9.50000,4.79000,0.07187
9.60000,4.79000,0.07192
9.70000,4.79000,0.07196
9.80000,4.79000,0.07198
9.90000,4.79000,0.07199
0.00000,4.89000,0.11156
0.10000,4.89000,0.11150
0.20000,4.89000,0.11138
0.30000,4.89000,0.11120
0.40000,4.89000,0.11096
0.50000,4.89000,0.11066
0.60000,4.89000,0.11031
0.70000,4.89000,0.10991
0.80000,4.89000,0.10946
0.90000,4.89000,0.10896
1.00000,4.89000,0.10843
1.10000,4.89000,0.10786
1.20000,4.89000,0.10725
1.30000,4.89000,0.10662
1.40000,4.89000,0.10596
1.50000,4.89000,0.10529
1.60000,4.89000,0.10459
1.70000,4.89000,0.10389
1.80000,4.89000,0.10317
1.90000,4.89000,0.10245
2.00000,4.89000,0.10173
2.10000,4.89000,0.10101
2.20000,4.89000,0.10029
2.30000,4.89000,0.09958
2.39000,4.89000,0.09887
2.49000,4.89000,0.09817
2.59000,4.89000,0.09749
2.69000,4.89000,0.09681
2.79000,4.89000,0.09614
2.89000,4.89000,0.09547
2.99000,4.89000,0.09482
3.09000,4.89000,0.09417
3.19000,4.89000,0.09353
3.29000,4.89000,0.09289
3.39000,4.89000,0.09224
3.49000,4.89000,0.09159
3.59000,4.89000,0.09094
3.69000,4.89000,0.09027
3.79000,4.89000,0.08958
3.89000,4.89000,0.08887
3.99000,4.89000,0.08813
4.09000,4.89000,0.08735
4.19000,4.89000,0.08653
4.29000,4.89000,0.08564
4.39000,4.89000,0.08469
4.49000,4.89000,0.08366
4.59000,4.89000,0.08253
4.69000,4.89000,0.08129
4.79000,4.89000,0.07992
4.89000,4.89000,0.07839
4.99000,4.89000,0.07669
5.09000,4.89000,0.07528
5.19000,4.89000,0.07411
5.29000,4.89000,0.07312
5.39000,4.89000,0.07230
5.49000,4.89000,0.07160
5.59000,4.89000,0.07102
5.69000,4.89000,0.07052
5.79000,4.89000,0.07011
5.89000,4.89000,0.06976
5.99000,4.89000,0.06948
6.09000,4.89000,0.06925
6.19000,4.89000,0.06906
6.29000,4.89000,0.06892
6.39000,4.89000,0.06882
6.49000,4.89000,0.06875
6.59000,4.89000,0.06872
6.69000,4.89000,0.06871
6.79000,4.89000,0.06873
6.89000,4.89000,0.06877
6.99000,4.89000,0.06883
7.09000,4.89000,0.06891
7.19000,4.89000,0.06901
7.29000,4.89000,0.06912
7.39000,4.89000,0.06924
7.49000,4.89000,0.06937
7.59000,4.89000,0.06952
7.69000,4.89000,0.06966
7.79000,4.89000,0.06982
7.89000,4.89000,0.06997
7.99000,4.89000,0.07013
8.09000,4.89000,0.07029
8.19000,4.89000,0.07045
8.29000,4.89000,0.07060
8.39000,4.89000,0.07075
8.49000,4.89000,0.07090
8.59000,4.89000,0.07104
8.69000,4.89000,0.07117
8.79000,4.89000,0.07130
8.89000,4.89000,0.07142
8.99000,4.89000,0.07153
9.09000,4.89000,0.07163
9.19000,4.89000,0.07171
9.29000,4.89000,0.07179
9.39000,4.89000,0.07186
9.50000,4.89000,0.07192
9.60000,4.89000,0.07196
9.70000,4.89000,0.07200
9.80000,4.89000,0.07202
9.90000,4.89000,0.07203
0.00000,4.99000,0.11138
0.10000,4.99000,0.11132
0.20000,4.99000,0.11120
0.30000,4.99000,0.11102
0.40000,4.99000,0.11079
0.50000,4.99000,0.11050
0.60000,4.99000,0.11016
0.70000,4.99000,0.10977
0.80000,4.99000,0.10933
0.90000,4.99000,0.10885
1.00000,4.99000,0.10832
1.10000,4.99000,0.10777
1.20000,4.99000,0.10718
1.30000,4.99000,0.10656
1.40000,4.99000,0.10592
1.50000,4.99000,0.10526
1.60000,4.99000,0.10458
1.70000,4.99000,0.10389
1.80000,4.99000,0.10320
1.90000,4.99000,0.10249
2.00000,4.99000,0.10179
2.10000,4.99000,0.10108
2.20000,4.99000,0.10038
2.30000,4.99000,0.09968
2.39000,4.99000,0.09899
2.49000,4.99000,0.09831
2.59000,4.99000,0.09763
2.69000,4.99000,0.09696
2.79000,4.99000,0.09630
2.89000,4.99000,0.09565
2.99000,4.99000,0.09500
3.09000,4.99000,0.09436
3.19000,4.99000,0.09373
3.29000,4.99000,0.09309
3.39000,4.99000,0.09245
3.49000,4.99000,0.09181
3.59000,4.99000,0.09115
3.69000,4.99000,0.09048
3.79000,4.99000,0.08980
3.89000,4.99000,0.08909
3.99000,4.99000,0.08834
4.09000,4.99000,0.08756
4.19000,4.99000,0.08673
4.29000,4.99000,0.08584
4.39000,4.99000,0.08489
4.49000,4.99000,0.08385
4.59000,4.99000,0.08271
4.69000,4.99000,0.08146
4.79000,4.99000,0.08008
4.89000,4.99000,0.07855
4.99000,4.99000,0.07683
5.09000,4.99000,0.07542
5.19000,4.99000,0.07424
5.29000,4.99000,0.07325
5.39000,4.99000,0.07242
5.49000,4.99000,0.07172
5.59000,4.99000,0.07113
5.69000,4.99000,0.07063
5.79000,4.99000,0.07021
5.89000,4.99000,0.06987
5.99000,4.99000,0.06958
6.09000,4.99000,0.06935
6.19000,4.99000,0.06916
6.29000,4.99000,0.06902
6.39000,4.99000,0.06892
6.49000,4.99000,0.06885
6.59000,4.99000,0.06881
6.69000,4.99000,0.06880
6.79000,4.99000,0.06882
6.89000,4.99000,0.06886
6.99000,4.99000,0.06892
7.09000,4.99000,0.06900
7.19000,4.99000,0.06909
7.29000,4.99000,0.06920
7.39000,4.99000,0.06932
7.49000,4.99000,0.06946
7.59000,4.99000,0.06960
7.69000,4.99000,0.06974
7.79000,4.99000,0.06989
7.89000,4.99000,0.07005
7.99000,4.99000,0.07021
8.09000,4.99000,0.07036
8.19000,4.99000,0.07052
8.29000,4.99000,0.07067
8.39000,4.99000,0.07082
8.49000,4.99000,0.07096
8.59000,4.99000,0.07110
8.69000,4.99000,0.07123
8.79000,4.99000,0.07135
8.89000,4.99000,0.07147
8.99000,4.99000,0.07157
9.09000,4.99000,0.07167
9.19000,4.99000,0.07176
9.29000,4.99000,0.07184
9.39000,4.99000,0.07190
9.50000,4.99000,0.07196
9.60000,4.99000,0.07200
9.70000,4.99000,0.07204
9.80000,4.99000,0.07206
9.90000,4.99000,0.07207
0.00000,5.09000,0.11115
0.10000,5.09000,0.11109
0.20000,5.09000,0.11097
0.30000,5.09000,0.11080
0.40000,5.09000,0.11057
0.50000,5.09000,0.11029
0.60000,5.09000,0.10996
0.70000,5.09000,0.10958
0.80000,5.09000,0.10915
0.90000,5.09000,0.10868
1.00000,5.09000,0.10818
1.10000,5.09000,0.10763
1.20000,5.09000,0.10706
1.30000,5.09000,0.10646
1.40000,5.09000,0.10584
1.50000,5.09000,0.10519
1.60000,5.09000,0.10453
1.70000,5.09000,0.10386
1.80000,5.09000,0.10318
1.90000,5.09000,0.10250
2.00000,5.09000,0.10181
2.10000,5.09000,0.10112
2.20000,5.09000,0.10044
2.30000,5.09000,0.09975
2.39000,5.09000,0.09908
2.49000,5.09000,0.09841
2.59000,5.09000,0.09775
2.69000,5.09000,0.09709
2.79000,5.09000,0.09644
2.89000,5.09000,0.09580
2.99000,5.09000,0.09517
3.09000,5.09000,0.09453
3.19000,5.09000,0.09390
3.29000,5.09000,0.09327
3.39000,5.09000,0.09264
3.49000,5.09000,0.09200
3.59000,5.09000,0.09135
3.69000,5.09000,0.09068
3.79000,5.09000,0.09000
3.89000,5.09000,0.08928
3.99000,5.09000,0.08854
4.09000,5.09000,0.08775
4.19000,5.09000,0.08692
4.29000,5.09000,0.08603
4.39000,5.09000,0.08507
4.49000,5.09000,0.08402
4.59000,5.09000,0.08288
4.69000,5.09000,0.08163
4.79000,5.09000,0.08024
4.89000,5.09000,0.07870
4.99000,5.09000,0.07697
5.09000,5.09000,0.07555
5.19000,5.09000,0.07436
5.29000,5.09000,0.07337
5.39000,5.09000,0.07254
5.49000,5.09000,0.07183
5.59000,5.09000,0.07124
5.69000,5.09000,0.07074
5.79000,5.09000,0.07032
5.89000,5.09000,0.06997
5.99000,5.09000,0.06968
6.09000,5.09000,0.06945
6.19000,5.09000,0.06926
6.29000,5.09000,0.06912
6.39000,5.09000,0.06901
6.49000,5.09000,0.06894
6.59000,5.09000,0.06891
6.69000,5.09000,0.06890
6.79000,5.09000,0.06891
6.89000,5.09000,0.06895
6.99000,5.09000,0.06901
7.09000,5.09000,0.06909
7.19000,5.09000,0.06918
7.29000,5.09000,0.06929
7.39000,5.09000,0.06941
7.49000,5.09000,0.06954
7.59000,5.09000,0.06968
7.69000,5.09000,0.06982
7.79000,5.09000,0.06997
7.89000,5.09000,0.07012
7.99000,5.09000,0.07028
8.09000,5.09000,0.07043
8.19000,5.09000,0.07058
8.29000,5.09000,0.07073
8.39000,5.09000,0.07088
8.49000,5.09000,0.07102
8.59000,5.09000,0.07115
8.69000,5.09000,0.07128
8.79000,5.09000,0.07140
8.89000,5.09000,0.07151
8.99000,5.09000,0.07162
9.09000,5.09000,0.07171
9.19000,5.09000,0.07180
9.29000,5.09000,0.07187
9.39000,5.09000,0.07194
9.50000,5.09000,0.07199
9.60000,5.09000,0.07203
9.70000,5.09000,0.07207
9.80000,5.09000,0.07209
9.90000,5.09000,0.07210
0.00000,5.19000,0.11087
0.10000,5.19000,0.11082
0.20000,5.19000,0.11071
0.30000,5.19000,0.11054
0.40000,5.19000,0.11032
0.50000,5.19000,0.11004
0.60000,5.19000,0.10972
0.70000,5.19000,0.10935
0.80000,5.19000,0.10894
0.90000,5.19000,0.10848
1.00000,5.19000,0.10799
1.10000,5.19000,0.10746
1.20000,5.19000,0.10690
1.30000,5.19000,0.10632
1.40000,5.19000,0.10572
1.50000,5.19000,0.10509
1.60000,5.19000,0.10445
1.70000,5.19000,0.10380
1.80000,5.19000,0.10314
1.90000,5.19000,0.10247
2.00000,5.19000,0.10180
2.10000,5.19000,0.10113
2.20000,5.19000,0.10046
2.30000,5.19000,0.09980
2.39000,5.19000,0.09914
2.49000,5.19000,0.09848
2.59000,5.19000,0.09784
2.69000,5.19000,0.09720
2.79000,5.19000,0.09656
2.89000,5.19000,0.09593
2.99000,5.19000,0.09530
3.09000,5.19000,0.09468
3.19000,5.19000,0.09406
3.29000,5.19000,0.09344
3.39000,5.19000,0.09281
3.49000,5.19000,0.09217
3.59000,5.19000,0.09152
3.69000,5.19000,0.09086
3.79000,5.19000,0.09018
3.89000,5.19000,0.08946
3.99000,5.19000,0.08872
4.09000,5.19000,0.08793
4.19000,5.19000,0.08710
4.29000,5.19000,0.08620
4.39000,5.19000,0.08524
4.49000,5.19000,0.08419
4.59000,5.19000,0.08304
4.69000,5.19000,0.08178
4.79000,5.19000,0.08039
4.89000,5.19000,0.07884
4.99000,5.19000,0.07711
5.09000,5.19000,0.07568
5.19000,5.19000,0.07449
5.29000,5.19000,0.07349
5.39000,5.19000,0.07265
5.49000,5.19000,0.07194
5.59000,5.19000,0.07135
5.69000,5.19000,0.07084
5.79000,5.19000,0.07042
5.89000,5.19000,0.07007
5.99000,5.19000,0.06978
6.09000,5.19000,0.06955
6.19000,5.19000,0.06936
6.29000,5.19000,0.06922
6.39000,5.19000,0.06911
6.49000,5.19000,0.06904
6.59000,5.19000,0.06900
6.69000,5.19000,0.06899
6.79000,5.19000,0.06901
6.89000,5.19000,0.06905
6.99000,5.19000,0.06910
7.09000,5.19000,0.06918
7.19000,5.19000,0.06927
7.29000,5.19000,0.06938
7.39000,5.19000,0.06950
7.49000,5.19000,0.06963
7.59000,5.19000,0.06976
7.69000,5.19000,0.06990
7.79000,5.19000,0.07005
7.89000,5.19000,0.07020
7.99000,5.19000,0.07035
8.09000,5.19000,0.07050
8.19000,5.19000,0.07065
8.29000,5.19000,0.07079
8.39000,5.19000,0.07093
8.49000,5.19000,0.07107
8.59000,5.19000,0.07120
8.69000,5.19000,0.07133
8.79000,5.19000,0.07144
8.89000,5.19000,0.07155
8.99000,5.19000,0.07165
9.09000,5.19000,0.07174
9.19000,5.19000,0.07183
9.29000,5.19000,0.07190
9.39000,5.19000,0.07196
9.50000,5.19000,0.07201
9.60000,5.19000,0.07206
9.70000,5.19000,0.07209
9.80000,5.19000,0.07211
9.90000,5.19000,0.07212
0.00000,5.29000,0.11056
0.10000,5.29000,0.11050
0.20000,5.29000,0.11040
0.30000,5.29000,0.11023
0.40000,5.29000,0.11002
0.50000,5.29000,0.10975
0.60000,5.29000,0.10944
0.70000,5.29000,0.10908
0.80000,5.29000,0.10868
0.90000,5.29000,0.10824
1.00000,5.29000,0.10776
1.10000,5.29000,0.10725
1.20000,5.29000,0.10671
1.30000,5.29000,0.10615
1.40000,5.29000,0.10556
1.50000,5.29000,0.10495
1.60000,5.29000,0.10433
1.70000,5.29000,0.10370
1.80000,5.29000,0.10306
1.90000,5.29000,0.10241
2.00000,5.29000,0.10176
2.10000,5.29000,0.10111
2.20000,5.29000,0.10046
2.30000,5.29000,0.09982
2.39000,5.29000,0.09917
2.49000,5.29000,0.09854
2.59000,5.29000,0.09790
2.69000,5.29000,0.09728
2.79000,5.29000,0.09665
2.89000,5.29000,0.09604
2.99000,5.29000,0.09542
3.09000,5.29000,0.09481
3.19000,5.29000,0.09420
3.29000,5.29000,0.09358
3.39000,5.29000,0.09296
3.49000,5.29000,0.09233
3.59000,5.29000,0.09169
3.69000,5.29000,0.09102
3.79000,5.29000,0.09034
3.89000,5.29000,0.08963
3.99000,5.29000,0.08889
4.09000,5.29000,0.08810
4.19000,5.29000,0.08726
4.29000,5.29000,0.08637
4.39000,5.29000,0.08540
4.49000,5.29000,0.08435
4.59000,5.29000,0.08320
4.69000,5.29000,0.08193
4.79000,5.29000,0.08053
4.89000,5.29000,0.07898
4.99000,5.29000,0.07724
5.09000,5.29000,0.07580
5.19000,5.29000,0.07461
5.29000,5.29000,0.07360
5.39000,5.29000,0.07276
5.49000,5.29000,0.07205
5.59000,5.29000,0.07145
5.69000,5.29000,0.07095
5.79000,5.29000,0.07053
5.89000,5.29000,0.07018
5.99000,5.29000,0.06988
6.09000,5.29000,0.06965
6.19000,5.29000,0.06946
6.29000,5.29000,0.06932
6.39000,5.29000,0.06921
6.49000,5.29000,0.06914
6.59000,5.29000,0.06910
6.69000,5.29000,0.06909
6.79000,5.29000,0.06911
6.89000,5.29000,0.06914
6.99000,5.29000,0.06920
7.09000,5.29000,0.06928
7.19000,5.29000,0.06937
7.29000,5.29000,0.06947
7.39000,5.29000,0.06959
7.49000,5.29000,0.06971
7.59000,5.29000,0.06984
7.69000,5.29000,0.06998
7.79000,5.29000,0.07013
7.89000,5.29000,0.07027
7.99000,5.29000,0.07042
8.09000,5.29000,0.07056
8.19000,5.29000,0.07071
8.29000,5.29000,0.07085
8.39000,5.29000,0.07099
8.49000,5.29000,0.07112
8.59000,5.29000,0.07124
8.69000,5.29000,0.07136
8.79000,5.29000,0.07148
8.89000,5.29000,0.07158
8.99000,5.29000,0.07168
9.09000,5.29000,0.07177
9.19000,5.29000,0.07185
9.29000,5.29000,0.07192
9.39000,5.29000,0.07198
9.50000,5.29000,0.07203
9.60000,5.29000,0.07207
9.70000,5.29000,0.07210
9.80000,5.29000,0.07212
9.90000,5.29000,0.07213
0.00000,5.39000,0.11021
0.10000,5.39000,0.11015
0.20000,5.39000,0.11005
0.30000,5.39000,0.10989
0.40000,5.39000,0.10968
0.50000,5.39000,0.10943
0.60000,5.39000,0.10913
0.70000,5.39000,0.10878
0.80000,5.39000,0.10839
0.90000,5.39000,0.10796
1.00000,5.39000,0.10750
1.10000,5.39000,0.10701
1.20000,5.39000,0.10649
1.30000,5.39000,0.10594
1.40000,5.39000,0.10537
1.50000,5.39000,0.10479
1.60000,5.39000,0.10419
1.70000,5.39000,0.10357
1.80000,5.39000,0.10295
1.90000,5.39000,0.10233
2.00000,5.39000,0.10170
2.10000,5.39000,0.10107
2.20000,5.39000,0.10044
2.30000,5.39000,0.09981
2.39000,5.39000,0.09918
2.49000,5.39000,0.09856
2.59000,5.39000,0.09795
2.69000,5.39000,0.09733
2.79000,5.39000,0.09673
2.89000,5.39000,0.09612
2.99000,5.39000,0.09552
3.09000,5.39000,0.09492
3.19000,5.39000,0.09431
3.29000,5.39000,0.09371
3.39000,5.39000,0.09309
3.49000,5.39000,0.09247
3.59000,5.39000,0.09183
3.69000,5.39000,0.09117
3.79000,5.39000,0.09049
3.89000,5.39000,0.08978
3.99000,5.39000,0.08904
4.09000,5.39000,0.08825
4.19000,5.39000,0.08742
4.29000,5.39000,0.08652
4.39000,5.39000,0.08555
4.49000,5.39000,0.08449
4.59000,5.39000,0.08334
4.69000,5.39000,0.08207
4.79000,5.39000,0.08067
4.89000,5.39000,0.07910
4.99000,5.39000,0.07736
5.09000,5.39000,0.07592
5.19000,5.39000,0.07472
5.29000,5.39000,0.07372
5.39000,5.39000,0.07287
5.49000,5.39000,0.07216
5.59000,5.39000,0.07156
5.69000,5.39000,0.07105
5.79000,5.39000,0.07063
5.89000,5.39000,0.07028
5.99000,5.39000,0.06999
6.09000,5.39000,0.06975
6.19000,5.39000,0.06956
6.29000,5.39000,0.06942
6.39000,5.39000,0.06931
6.49000,5.39000,0.06924
6.59000,5.39000,0.06920
6.69000,5.39000,0.06919
6.79000,5.39000,0.06920
6.89000,5.39000,0.06924
6.99000,5.39000,0.06930
7.09000,5.39000,0.06937
7.19000,5.39000,0.06946
7.29000,5.39000,0.06956
7.39000,5.39000,0.06967
7.49000,5.39000,0.06979
7.59000,5.39000,0.06992
7.69000,5.39000,0.07006
7.79000,5.39000,0.07020
7.89000,5.39000,0.07034
7.99000,5.39000,0.07048
8.09000,5.39000,0.07062
8.19000,5.39000,0.07076
8.29000,5.39000,0.07090
8.39000,5.39000,0.07103
8.49000,5.39000,0.07116
8.59000,5.39000,0.07128
8.69000,5.39000,0.07140
8.79000,5.39000,0.07150
8.89000,5.39000,0.07160
8.99000,5.39000,0.07170
9.09000,5.39000,0.07178
9.19000,5.39000,0.07186
9.29000,5.39000,0.07192
9.39000,5.39000,0.07198
9.50000,5.39000,0.07203
9.60000,5.39000,0.07206
9.70000,5.39000,0.07209
9.80000,5.39000,0.07211
9.90000,5.39000,0.07212
0.00000,5.49000,0.10982
0.10000,5.49000,0.10977
0.20000,5.49000,0.10967
0.30000,5.49000,0.10951
0.40000,5.49000,0.10931
0.50000,5.49000,0.10907
0.60000,5.49000,0.10878
0.70000,5.49000,0.10844
0.80000,5.49000,0.10807
0.90000,5.49000,0.10766
1.00000,5.49000,0.10721
1.10000,5.49000,0.10673
1.20000,5.49000,0.10623
1.30000,5.49000,0.10570
1.40000,5.49000,0.10516
1.50000,5.49000,0.10459
1.60000,5.49000,0.10401
1.70000,5.49000,0.10342
1.80000,5.49000,0.10282
1.90000,5.49000,0.10221
2.00000,5.49000,0.10161
2.10000,5.49000,0.10099
2.20000,5.49000,0.10038
2.30000,5.49000,0.09978
2.39000,5.49000,0.09917
2.49000,5.49000,0.09857
2.59000,5.49000,0.09797
2.69000,5.49000,0.09737
2.79000,5.49000,0.09678
2.89000,5.49000,0.09619
2.99000,5.49000,0.09560
3.09000,5.49000,0.09501
3.19000,5.49000,0.09441
3.29000,5.49000,0.09381
3.39000,5.49000,0.09321
3.49000,5.49000,0.09259
3.59000,5.49000,0.09196
3.69000,5.49000,0.09131
3.79000,5.49000,0.09063
3.89000,5.49000,0.08992
3.99000,5.49000,0.08918
4.09000,5.49000,0.08840
4.19000,5.49000,0.08756
4.29000,5.49000,0.08666
4.39000,5.49000,0.08569
4.49000,5.49000,0.08463
4.59000,5.49000,0.08348
4.69000,5.49000,0.08220
4.79000,5.49000,0.08079
4.89000,5.49000,0.07923
4.99000,5.49000,0.07748
5.09000,5.49000,0.07603
5.19000,5.49000,0.07483
5.29000,5.49000,0.07382
5.39000,5.49000,0.07298
5.49000,5.49000,0.07226
5.59000,5.49000,0.07166
5.69000,5.49000,0.07116
5.79000,5.49000,0.07073
5.89000,5.49000,0.07038
5.99000,5.49000,0.07009
6.09000,5.49000,0.06985
6.19000,5.49000,0.06966
6.29000,5.49000,0.06952
6.39000,5.49000,0.06941
6.49000,5.49000,0.06934
6.59000,5.49000,0.06930
6.69000,5.49000,0.06929
6.79000,5.49000,0.06930
6.89000,5.49000,0.06934
6.99000,5.49000,0.06939
7.09000,5.49000,0.06946
7.19000,5.49000,0.06955
7.29000,5.49000,0.06965
7.39000,5.49000,0.06976
7.49000,5.49000,0.06988
7.59000,5.49000,0.07000
7.69000,5.49000,0.07013
7.79000,5.49000,0.07027
7.89000,5.49000,0.07040
7.99000,5.49000,0.07054
8.09000,5.49000,0.07068
8.19000,5.49000,0.07081
8.29000,5.49000,0.07094
8.39000,5.49000,0.07107
8.49000,5.49000,0.07119
8.59000,5.49000,0.07131
8.69000,5.49000,0.07142
8.79000,5.49000,0.07152
8.89000,5.49000,0.07161
8.99000,5.49000,0.07170
9.09000,5.49000,0.07178
9.19000,5.49000,0.07185
9.29000,5.49000,0.07191
9.39000,5.49000,0.07197
9.50000,5.49000,0.07201
9.60000,5.49000,0.07205
9.70000,5.49000,0.07208
9.80000,5.49000,0.07209
9.90000,5.49000,0.07210
0.00000,5.59000,0.10940
0.10000,5.59000,0.10935
0.20000,5.59000,0.10925
0.30000,5.59000,0.10911
0.40000,5.59000,0.10891
0.50000,5.59000,0.10868
0.60000,5.59000,0.10839
0.70000,5.59000,0.10807
0.80000,5.59000,0.10771
0.90000,5.59000,0.10732
1.00000,5.59000,0.10689
1.10000,5.59000,0.10643
1.20000,5.59000,0.10595
1.30000,5.59000,0.10544
1.40000,5.59000,0.10491
1.50000,5.59000,0.10437
1.60000,5.59000,0.10381
1.70000,5.59000,0.10324
1.80000,5.59000,0.10266
1.90000,5.59000,0.10208
2.00000,5.59000,0.10149
2.10000,5.59000,0.10090
2.20000,5.59000,0.10031
2.30000,5.59000,0.09972
2.39000,5.59000,0.09913
2.49000,5.59000,0.09855
2.59000,5.59000,0.09797
2.69000,5.59000,0.09739
2.79000,5.59000,0.09681
2.89000,5.59000,0.09623
2.99000,5.59000,0.09566
3.09000,5.59000,0.09508
3.19000,5.59000,0.09449
3.29000,5.59000,0.09391
3.39000,5.59000,0.09331
3.49000,5.59000,0.09270
3.59000,5.59000,0.09207
3.69000,5.59000,0.09142
3.79000,5.59000,0.09075
3.89000,5.59000,0.09005
3.99000,5.59000,0.08931
4.09000,5.59000,0.08853
4.19000,5.59000,0.08769
4.29000,5.59000,0.08679
4.39000,5.59000,0.08582
4.49000,5.59000,0.08476
4.59000,5.59000,0.08360
4.69000,5.59000,0.08233
4.79000,5.59000,0.08092
4.89000,5.59000,0.07935
4.99000,5.59000,0.07759
5.09000,5.59000,0.07614
5.19000,5.59000,0.07494
5.29000,5.59000,0.07393
5.39000,5.59000,0.07308
5.49000,5.59000,0.07236
5.59000,5.59000,0.07176
5.69000,5.59000,0.07126
5.79000,5.59000,0.07083
5.89000,5.59000,0.07048
5.99000,5.59000,0.07019
6.09000,5.59000,0.06995
6.19000,5.59000,0.06976
6.29000,5.59000,0.06962
6.39000,5.59000,0.06951
6.49000,5.59000,0.06944
6.59000,5.59000,0.06940
6.69000,5.59000,0.06939
6.79000,5.59000,0.06940
6.89000,5.59000,0.06943
6.99000,5.59000,0.06948
7.09000,5.59000,0.06955
7.19000,5.59000,0.06963
7.29000,5.59000,0.06973
7.39000,5.59000,0.06984
7.49000,5.59000,0.06995
7.59000,5.59000,0.07007
7.69000,5.59000,0.07020
7.79000,5.59000,0.07033
7.89000,5.59000,0.07046
7.99000,5.59000,0.07059
8.09000,5.59000,0.07072
8.19000,5.59000,0.07085
8.29000,5.59000,0.07097
8.39000,5.59000,0.07109
8.49000,5.59000,0.07121
8.59000,5.59000,0.07132
8.69000,5.59000,0.07142
8.79000,5.59000,0.07152
8.89000,5.59000,0.07161
8.99000,5.59000,0.07169
9.09000,5.59000,0.07177
9.19000,5.59000,0.07183
9.29000,5.59000,0.07189
9.39000,5.59000,0.07194
9.50000,5.59000,0.07198
9.60000,5.59000,0.07202
9.70000,5.59000,0.07204
9.80000,5.59000,0.07206
9.90000,5.59000,0.07207
0.00000,5.69000,0.10895
0.10000,5.69000,0.10890
0.20000,5.69000,0.10881
0.30000,5.69000,0.10867
0.40000,5.69000,0.10848
0.50000,5.69000,0.10826
0.60000,5.69000,0.10799
0.70000,5.69000,0.10768
0.80000,5.69000,0.10733
0.90000,5.69000,0.10695
1.00000,5.69000,0.10654
1.10000,5.69000,0.10610
1.20000,5.69000,0.10564
1.30000,5.69000,0.10515
1.40000,5.69000,0.10464
1.50000,5.69000,0.10412
1.60000,5.69000,0.10358
1.70000,5.69000,0.10303
1.80000,5.69000,0.10248
1.90000,5.69000,0.10192
2.00000,5.69000,0.10135
2.10000,5.69000,0.10078
2.20000,5.69000,0.10021
2.30000,5.69000,0.09964
2.39000,5.69000,0.09908
2.49000,5.69000,0.09851
2.59000,5.69000,0.09795
2.69000,5.69000,0.09738
2.79000,5.69000,0.09682
2.89000,5.69000,0.09626
2.99000,5.69000,0.09570
3.09000,5.69000,0.09513
3.19000,5.69000,0.09456
3.29000,5.69000,0.09398
3.39000,5.69000,0.09339
3.49000,5.69000,0.09279
3.59000,5.69000,0.09217
3.69000,5.69000,0.09153
3.79000,5.69000,0.09086
3.89000,5.69000,0.09016
3.99000,5.69000,0.08943
4.09000,5.69000,0.08865
4.19000,5.69000,0.08781
4.29000,5.69000,0.08691
4.39000,5.69000,0.08594
4.49000,5.69000,0.08488
4.59000,5.69000,0.08372
4.69000,5.69000,0.08245
4.79000,5.69000,0.08103
4.89000,5.69000,0.07946
4.99000,5.69000,0.07770
5.09000,5.69000,0.07625
5.19000,5.69000,0.07504
5.29000,5.69000,0.07403
5.39000,5.69000,0.07318
5.49000,5.69000,0.07246
5.59000,5.69000,0.07186
5.69000,5.69000,0.07136
5.79000,5.69000,0.07093
5.89000,5.69000,0.07058
5.99000,5.69000,0.07029
6.09000,5.69000,0.07005
6.19000,5.69000,0.06986
6.29000,5.69000,0.06972
6.39000,5.69000,0.06961
6.49000,5.69000,0.06954
6.59000,5.69000,0.06950
6.69000,5.69000,0.06948
6.79000,5.69000,0.06949
6.89000,5.69000,0.06952
6.99000,5.69000,0.06957
7.09000,5.69000,0.06964
7.19000,5.69000,0.06972
7.29000,5.69000,0.06981
7.39000,5.69000,0.06991
7.49000,5.69000,0.07002
7.59000,5.69000,0.07014
7.69000,5.69000,0.07026
7.79000,5.69000,0.07038
7.89000,5.69000,0.07051
7.99000,5.69000,0.07063
8.09000,5.69000,0.07076
8.19000,5.69000,0.07088
8.29000,5.69000,0.07100
8.39000,5.69000,0.07111
8.49000,5.69000,0.07122
8.59000,5.69000,0.07132
8.69000,5.69000,0.07142
8.79000,5.69000,0.07151
8.89000,5.69000,0.07159
8.99000,5.69000,0.07167
9.09000,5.69000,0.07174
9.19000,5.69000,0.07180
9.29000,5.69000,0.07185
9.39000,5.69000,0.07190
9.50000,5.69000,0.07194
9.60000,5.69000,0.07197
9.70000,5.69000,0.07199
9.80000,5.69000,0.07201
9.90000,5.69000,0.07202
0.00000,5.79000,0.10848
0.10000,5.79000,0.10843
0.20000,5.79000,0.10834
0.30000,5.79000,0.10821
0.40000,5.79000,0.10803
0.50000,5.79000,0.10781
0.60000,5.79000,0.10755
0.70000,5.79000,0.10726
0.80000,5.79000,0.10693
0.90000,5.79000,0.10656
1.00000,5.79000,0.10617
1.10000,5.79000,0.10575
1.20000,5.79000,0.10530
1.30000,5.79000,0.10483
1.40000,5.79000,0.10435
1.50000,5.79000,0.10385
1.60000,5.79000,0.10333
1.70000,5.79000,0.10281
1.80000,5.79000,0.10227
1.90000,5.79000,0.10173
2.00000,5.79000,0.10119
2.10000,5.79000,0.10064
2.20000,5.79000,0.10010
2.30000,5.79000,0.09955
2.39000,5.79000,0.09900
2.49000,5.79000,0.09845
2.59000,5.79000,0.09791
2.69000,5.79000,0.09736
2.79000,5.79000,0.09682
2.89000,5.79000,0.09627
2.99000,5.79000,0.09572
3.09000,5.79000,0.09517
3.19000,5.79000,0.09461
3.29000,5.79000,0.09404
3.39000,5.79000,0.09346
3.49000,5.79000,0.09287
3.59000,5.79000,0.09226
3.69000,5.79000,0.09162
3.79000,5.79000,0.09096
3.89000,5.79000,0.09027
3.99000,5.79000,0.08953
4.09000,5.79000,0.08876
4.19000,5.79000,0.08792
4.29000,5.79000,0.08703
4.39000,5.79000,0.08605
4.49000,5.79000,0.08499
4.59000,5.79000,0.08383
4.69000,5.79000,0.08256
4.79000,5.79000,0.08114
4.89000,5.79000,0.07956
4.99000,5.79000,0.07780
5.09000,5.79000,0.07635
5.19000,5.79000,0.07514
5.29000,5.79000,0.07413
5.39000,5.79000,0.07328
5.49000,5.79000,0.07256
5.59000,5.79000,0.07196
5.69000,5.79000,0.07145
5.79000,5.79000,0.07103
5.89000,5.79000,0.07067
5.99000,5.79000,0.07038
6.09000,5.79000,0.07015
6.19000,5.79000,0.06996
6.29000,5.79000,0.06981
6.39000,5.79000,0.06971
6.49000,5.79000,0.06963
6.59000,5.79000,0.06959
6.69000,5.79000,0.06957
6.79000,5.79000,0.06958
6.89000,5.79000,0.06961
6.99000,5.79000,0.06966
7.09000,5.79000,0.06972
7.19000,5.79000,0.06980
7.29000,5.79000,0.06989
7.39000,5.79000,0.06998
7.49000,5.79000,0.07009
7.59000,5.79000,0.07020
7.69000,5.79000,0.07031
7.79000,5.79000,0.07043
7.89000,5.79000,0.07055
7.99000,5.79000,0.07067
8.09000,5.79000,0.07078
8.19000,5.79000,0.07090
8.29000,5.79000,0.07101
8.39000,5.79000,0.07111
8.49000,5.79000,0.07121
8.59000,5.79000,0.07131
8.69000,5.79000,0.07140
8.79000,5.79000,0.07148
8.89000,5.79000,0.07156
8.99000,5.79000,0.07163
9.09000,5.79000,0.07169
9.19000,5.79000,0.07175
9.29000,5.79000,0.07180
9.39000,5.79000,0.07184
9.50000,5.79000,0.07188
9.60000,5.79000,0.07190
9.70000,5.79000,0.07192
9.80000,5.79000,0.07194
9.90000,5.79000,0.07195
0.00000,5.89000,0.10798
0.10000,5.89000,0.10794
0.20000,5.89000,0.10785
0.30000,5.89000,0.10772
0.40000,5.89000,0.10755
0.50000,5.89000,0.10735
0.60000,5.89000,0.10710
0.70000,5.89000,0.10682
0.80000,5.89000,0.10650
0.90000,5.89000,0.10615
1.00000,5.89000,0.10577
1.10000,5.89000,0.10537
1.20000,5.89000,0.10495
1.30000,5.89000,0.10450
1.40000,5.89000,0.10403
1.50000,5.89000,0.10355
1.60000,5.89000,0.10306
1.70000,5.89000,0.10256
1.80000,5.89000,0.10205
1.90000,5.89000,0.10153
2.00000,5.89000,0.10101
2.10000,5.89000,0.10049
2.20000,5.89000,0.09996
2.30000,5.89000,0.09943
2.39000,5.89000,0.09891
2.49000,5.89000,0.09838
2.59000,5.89000,0.09785
2.69000,5.89000,0.09732
2.79000,5.89000,0.09680
2.89000,5.89000,0.09626
2.99000,5.89000,0.09573
3.09000,5.89000,0.09519
3.19000,5.89000,0.09464
3.29000,5.89000,0.09409
3.39000,5.89000,0.09352
3.49000,5.89000,0.09293
3.59000,5.89000,0.09233
3.69000,5.89000,0.09170
3.79000,5.89000,0.09105
3.89000,5.89000,0.09036
3.99000,5.89000,0.08963
4.09000,5.89000,0.08885
4.19000,5.89000,0.08802
4.29000,5.89000,0.08713
4.39000,5.89000,0.08616
4.49000,5.89000,0.08510
4.59000,5.89000,0.08394
4.69000,5.89000,0.08266
4.79000,5.89000,0.08124
4.89000,5.89000,0.07966
4.99000,5.89000,0.07790
5.09000,5.89000,0.07645
5.19000,5.89000,0.07523
5.29000,5.89000,0.07422
5.39000,5.89000,0.07337
5.49000,5.89000,0.07266
5.59000,5.89000,0.07205
5.69000,5.89000,0.07155
5.79000,5.89000,0.07112
5.89000,5.89000,0.07077
5.99000,5.89000,0.07048
6.09000,5.89000,0.07024
6.19000,5.89000,0.07005
6.29000,5.89000,0.06991
6.39000,5.89000,0.06980
6.49000,5.89000,0.06973
6.59000,5.89000,0.06968
6.69000,5.89000,0.06966
6.79000,5.89000,0.06967
6.89000,5.89000,0.06969
6.99000,5.89000,0.06974
7.09000,5.89000,0.06980
7.19000,5.89000,0.06987
7.29000,5.89000,0.06995
7.39000,5.89000,0.07005
7.49000,5.89000,0.07015
7.59000,5.89000,0.07025
7.69000,5.89000,0.07036
7.79000,5.89000,0.07047
7.89000,5.89000,0.07058
7.99000,5.89000,0.07069
8.09000,5.89000,0.07080
8.19000,5.89000,0.07090
8.29000,5.89000,0.07101
8.39000,5.89000,0.07110
8.49000,5.89000,0.07120
8.59000,5.89000,0.07128
8.69000,5.89000,0.07137
8.79000,5.89000,0.07144
8.89000,5.89000,0.07151
8.99000,5.89000,0.07157
9.09000,5.89000,0.07163
9.19000,5.89000,0.07168
9.29000,5.89000,0.07173
9.39000,5.89000,0.07176
9.50000,5.89000,0.07179
9.60000,5.89000,0.07182
9.70000,5.89000,0.07184
9.80000,5.89000,0.07185
9.90000,5.89000,0.07185
0.00000,5.99000,0.10747
0.10000,5.99000,0.10743
0.20000,5.99000,0.10734
0.30000,5.99000,0.10722
0.40000,5.99000,0.10706
0.50000,5.99000,0.10686
0.60000,5.99000,0.10663
0.70000,5.99000,0.10636
0.80000,5.99000,0.10605
0.90000,5.99000,0.10572
1.00000,5.99000,0.10536
1.10000,5.99000,0.10498
1.20000,5.99000,0.10457
1.30000,5.99000,0.10415
1.40000,5.99000,0.10370
1.50000,5.99000,0.10324
1.60000,5.99000,0.10277
1.70000,5.99000,0.10229
1.80000,5.99000,0.10181
1.90000,5.99000,0.10131
2.00000,5.99000,0.10081
2.10000,5.99000,0.10031
2.20000,5.99000,0.09981
2.30000,5.99000,0.09930
2.39000,5.99000,0.09879
2.49000,5.99000,0.09829
2.59000,5.99000,0.09778
2.69000,5.99000,0.09727
2.79000,5.99000,0.09676
2.89000,5.99000,0.09624
2.99000,5.99000,0.09572
3.09000,5.99000,0.09520
3.19000,5.99000,0.09466
3.29000,5.99000,0.09412
3.39000,5.99000,0.09356
3.49000,5.99000,0.09299
3.59000,5.99000,0.09239
3.69000,5.99000,0.09177
3.79000,5.99000,0.09112
3.89000,5.99000,0.09044
3.99000,5.99000,0.08971
4.09000,5.99000,0.08894
4.19000,5.99000,0.08812
4.29000,5.99000,0.08722
4.39000,5.99000,0.08625
4.49000,5.99000,0.08520
4.59000,5.99000,0.08404
4.69000,5.99000,0.08276
4.79000,5.99000,0.08134
4.89000,5.99000,0.07976
4.99000,5.99000,0.07799
5.09000,5.99000,0.07654
5.19000,5.99000,0.07533
5.29000,5.99000,0.07431
5.39000,5.99000,0.07346
5.49000,5.99000,0.07275
5.59000,5.99000,0.07214
5.69000,5.99000,0.07164
5.79000,5.99000,0.07121
5.89000,5.99000,0.07086
5.99000,5.99000,0.07057
6.09000,5.99000,0.07033
6.19000,5.99000,0.07015
6.29000,5.99000,0.07000
6.39000,5.99000,0.06989
6.49000,5.99000,0.06981
6.59000,5.99000,0.06977
6.69000,5.99000,0.06975
6.79000,5.99000,0.06975
6.89000,5.99000,0.06977
6.99000,5.99000,0.06981
7.09000,5.99000,0.06987
7.19000,5.99000,0.06994
7.29000,5.99000,0.07002
7.39000,5.99000,0.07010
7.49000,5.99000,0.07019
7.59000,5.99000,0.07029
7.69000,5.99000,0.07039
7.79000,5.99000,0.07050
7.89000,5.99000,0.07060
7.99000,5.99000,0.07070
8.09000,5.99000,0.07080
8.19000,5.99000,0.07090
8.29000,5.99000,0.07099
8.39000,5.99000,0.07108
8.49000,5.99000,0.07116
8.59000,5.99000,0.07124
8.69000,5.99000,0.07132
8.79000,5.99000,0.07138
8.89000,5.99000,0.07144
8.99000,5.99000,0.07150
9.09000,5.99000,0.07155
9.19000,5.99000,0.07159
9.29000,5.99000,0.07163
9.39000,5.99000,0.07166
9.50000,5.99000,0.07169
9.60000,5.99000,0.07171
9.70000,5.99000,0.07173
9.80000,5.99000,0.07174
9.90000,5.99000,0.07174
0.00000,6.09000,0.10694
0.10000,6.09000,0.10690
0.20000,6.09000,0.10682
0.30000,6.09000,0.10671
0.40000,6.09000,0.10655
0.50000,6.09000,0.10636
0.60000,6.09000,0.10614
0.70000,6.09000,0.10588
0.80000,6.09000,0.10559
0.90000,6.09000,0.10528
1.00000,6.09000,0.10493
1.10000,6.09000,0.10457
1.20000,6.09000,0.10418
1.30000,6.09000,0.10378
1.40000,6.09000,0.10335
1.50000,6.09000,0.10292
1.60000,6.09000,0.10247
1.70000,6.09000,0.10201
1.80000,6.09000,0.10155
1.90000,6.09000,0.10108
2.00000,6.09000,0.10060
2.10000,6.09000,0.10012
2.20000,6.09000,0.09964
2.30000,6.09000,0.09915
2.39000,6.09000,0.09867
2.49000,6.09000,0.09818
2.59000,6.09000,0.09769
2.69000,6.09000,0.09720
2.79000,6.09000,0.09671
2.89000,6.09000,0.09621
2.99000,6.09000,0.09570
3.09000,6.09000,0.09519
3.19000,6.09000,0.09467
3.29000,6.09000,0.09414
3.39000,6.09000,0.09359
3.49000,6.09000,0.09302
3.59000,6.09000,0.09244
3.69000,6.09000,0.09183
3.79000,6.09000,0.09118
3.89000,6.09000,0.09051
3.99000,6.09000,0.08979
4.09000,6.09000,0.08902
4.19000,6.09000,0.08820
4.29000,6.09000,0.08731
4.39000,6.09000,0.08634
4.49000,6.09000,0.08529
4.59000,6.09000,0.08413
4.69000,6.09000,0.08285
4.79000,6.09000,0.08143
4.89000,6.09000,0.07985
4.99000,6.09000,0.07808
5.09000,6.09000,0.07663
5.19000,6.09000,0.07541
5.29000,6.09000,0.07440
5.39000,6.09000,0.07355
5.49000,6.09000,0.07283
5.59000,6.09000,0.07223
5.69000,6.09000,0.07173
5.79000,6.09000,0.07130
5.89000,6.09000,0.07095
5.99000,6.09000,0.07066
6.09000,6.09000,0.07042
6.19000,6.09000,0.07023
6.29000,6.09000,0.07009
6.39000,6.09000,0.06998
6.49000,6.09000,0.06990
6.59000,6.09000,0.06985
6.69000,6.09000,0.06983
6.79000,6.09000,0.06983
6.89000,6.09000,0.06985
6.99000,6.09000,0.06988
7.09000,6.09000,0.06994
7.19000,6.09000,0.07000
7.29000,6.09000,0.07007
7.39000,6.09000,0.07015
7.49000,6.09000,0.07024
7.59000,6.09000,0.07033
7.69000,6.09000,0.07042
7.79000,6.09000,0.07051
7.89000,6.09000,0.07061
7.99000,6.09000,0.07070
8.09000,6.09000,0.07079
8.19000,6.09000,0.07088
8.29000,6.09000,0.07096
8.39000,6.09000,0.07104
8.49000,6.09000,0.07111
8.59000,6.09000,0.07118
8.69000,6.09000,0.07125
8.79000,6.09000,0.07131
8.89000,6.09000,0.07136
8.99000,6.09000,0.07141
9.09000,6.09000,0.07145
9.19000,6.09000,0.07149
9.29000,6.09000,0.07152
9.39000,6.09000,0.07154
9.50000,6.09000,0.07157
9.60000,6.09000,0.07158
9.70000,6.09000,0.07160
9.80000,6.09000,0.07161
9.90000,6.09000,0.07161
0.00000,6.19000,0.10640
0.10000,6.19000,0.10636
0.20000,6.19000,0.10629
0.30000,6.19000,0.10618
0.40000,6.19000,0.10603
0.50000,6.19000,0.10585
0.60000,6.19000,0.10564
0.70000,6.19000,0.10539
0.80000,6.19000,0.10512
0.90000,6.19000,0.10482
1.00000,6.19000,0.10449
1.10000,6.19000,0.10415
1.20000,6.19000,0.10378
1.30000,6.19000,0.10339
1.40000,6.19000,0.10299
1.50000,6.19000,0.10258
1.60000,6.19000,0.10215
1.70000,6.19000,0.10172
1.80000,6.19000,0.10127
1.90000,6.19000,0.10082
2.00000,6.19000,0.10037
2.10000,6.19000,0.09991
2.20000,6.19000,0.09945
2.30000,6.19000,0.09899
2.39000,6.19000,0.09852
2.49000,6.19000,0.09806
2.59000,6.19000,0.09759
2.69000,6.19000,0.09712
2.79000,6.19000,0.09664
2.89000,6.19000,0.09616
2.99000,6.19000,0.09567
3.09000,6.19000,0.09517
3.19000,6.19000,0.09466
3.29000,6.19000,0.09414
3.39000,6.19000,0.09361
3.49000,6.19000,0.09305
3.59000,6.19000,0.09247
3.69000,6.19000,0.09187
3.79000,6.19000,0.09124
3.89000,6.19000,0.09057
3.99000,6.19000,0.08985
4.09000,6.19000,0.08909
4.19000,6.19000,0.08827
4.29000,6.19000,0.08739
4.39000,6.19000,0.08642
4.49000,6.19000,0.08537
4.59000,6.19000,0.08421
4.69000,6.19000,0.08294
4.79000,6.19000,0.08152
4.89000,6.19000,0.07994
4.99000,6.19000,0.07817
5.09000,6.19000,0.07671
5.19000,6.19000,0.07550
5.29000,6.19000,0.07449
5.39000,6.19000,0.07364
5.49000,6.19000,0.07292
5.59000,6.19000,0.07232
5.69000,6.19000,0.07181
5.79000,6.19000,0.07139
5.89000,6.19000,0.07104
5.99000,6.19000,0.07075
6.09000,6.19000,0.07051
6.19000,6.19000,0.07032
6.29000,6.19000,0.07017
6.39000,6.19000,0.07006
6.49000,6.19000,0.06998
6.59000,6.19000,0.06993
6.69000,6.19000,0.06991
6.79000,6.19000,0.06990
6.89000,6.19000,0.06992
6.99000,6.19000,0.06995
7.09000,6.19000,0.06999
7.19000,6.19000,0.07005
7.29000,6.19000,0.07012
7.39000,6.19000,0.07019
7.49000,6.19000,0.07027
7.59000,6.19000,0.07035
7.69000,6.19000,0.07043
7.79000,6.19000,0.07052
7.89000,6.19000,0.07060
7.99000,6.19000,0.07068
8.09000,6.19000,0.07076
8.19000,6.19000,0.07084
8.29000,6.19000,0.07091
8.39000,6.19000,0.07098
8.49000,6.19000,0.07105
8.59000,6.19000,0.07111
8.69000,6.19000,0.07116
8.79000,6.19000,0.07121
8.89000,6.19000,0.07125
8.99000,6.19000,0.07129
9.09000,6.19000,0.07133
9.19000,6.19000,0.07136
9.29000,6.19000,0.07138
9.39000,6.19000,0.07140
9.50000,6.19000,0.07142
9.60000,6.19000,0.07143
9.70000,6.19000,0.07144
9.80000,6.19000,0.07145
9.90000,6.19000,0.07145
0.00000,6.29000,0.10585
0.10000,6.29000,0.10581
0.20000,6.29000,0.10574
0.30000,6.29000,0.10564
0.40000,6.29000,0.10550
0.50000,6.29000,0.10533
0.60000,6.29000,0.10513
0.70000,6.29000,0.10489
0.80000,6.29000,0.10464
0.90000,6.29000,0.10435
1.00000,6.29000,0.10404
1.10000,6.29000,0.10371
1.20000,6.29000,0.10336
1.30000,6.29000,0.10300
1.40000,6.29000,0.10262
1.50000,6.29000,0.10223
1.60000,6.29000,0.10182
1.70000,6.29000,0.10141
1.80000,6.29000,0.10099
1.90000,6.29000,0.10056
2.00000,6.29000,0.10013
2.10000,6.29000,0.09969
2.20000,6.29000,0.09926
2.30000,6.29000,0.09881
2.39000,6.29000,0.09837
2.49000,6.29000,0.09792
2.59000,6.29000,0.09747
2.69000,6.29000,0.09702
2.79000,6.29000,0.09656
2.89000,6.29000,0.09609
2.99000,6.29000,0.09562
3.09000,6.29000,0.09514
3.19000,6.29000,0.09464
3.29000,6.29000,0.09413
3.39000,6.29000,0.09361
3.49000,6.29000,0.09307
3.59000,6.29000,0.09250
3.69000,6.29000,0.09190
3.79000,6.29000,0.09128
3.89000,6.29000,0.09061
3.99000,6.29000,0.08991
4.09000,6.29000,0.08915
4.19000,6.29000,0.08834
4.29000,6.29000,0.08746
4.39000,6.29000,0.08650
4.49000,6.29000,0.08545
4.59000,6.29000,0.08429
4.69000,6.29000,0.08302
4.79000,6.29000,0.08160
4.89000,6.29000,0.08002
4.99000,6.29000,0.07825
5.09000,6.29000,0.07679
5.19000,6.29000,0.07558
5.29000,6.29000,0.07457
5.39000,6.29000,0.07372
5.49000,6.29000,0.07300
5.59000,6.29000,0.07240
5.69000,6.29000,0.07190
5.79000,6.29000,0.07147
5.89000,6.29000,0.07112
5.99000,6.29000,0.07083
6.09000,6.29000,0.07059
6.19000,6.29000,0.07040
6.29000,6.29000,0.07025
6.39000,6.29000,0.07014
6.49000,6.29000,0.07006
6.59000,6.29000,0.07001
6.69000,6.29000,0.06998
6.79000,6.29000,0.06997
6.89000,6.29000,0.06998
6.99000,6.29000,0.07001
7.09000,6.29000,0.07005
7.19000,6.29000,0.07010
7.29000,6.29000,0.07015
7.39000,6.29000,0.07022
7.49000,6.29000,0.07029
7.59000,6.29000,0.07036
7.69000,6.29000,0.07043
7.79000,6.29000,0.07051
7.89000,6.29000,0.07058
7.99000,6.29000,0.07065
8.09000,6.29000,0.07072
8.19000,6.29000,0.07079
8.29000,6.29000,0.07085
8.39000,6.29000,0.07091
8.49000,6.29000,0.07096
8.59000,6.29000,0.07101
8.69000,6.29000,0.07105
8.79000,6.29000,0.07109
8.89000,6.29000,0.07113
8.99000,6.29000,0.07116
9.09000,6.29000,0.07118
9.19000,6.29000,0.07121
9.29000,6.29000,0.07122
9.39000,6.29000,0.07124
9.50000,6.29000,0.07125
9.60000,6.29000,0.07126
9.70000,6.29000,0.07127
9.80000,6.29000,0.07127
9.90000,6.29000,0.07128
0.00000,6.39000,0.10529
0.10000,6.39000,0.10526
0.20000,6.39000,0.10519
0.30000,6.39000,0.10509
0.40000,6.39000,0.10496
0.50000,6.39000,0.10480
0.60000,6.39000,0.10461
0.70000,6.39000,0.10439
0.80000,6.39000,0.10414
0.90000,6.39000,0.10387
1.00000,6.39000,0.10358
1.10000,6.39000,0.10327
1.20000,6.39000,0.10294
1.30000,6.39000,0.10260
1.40000,6.39000,0.10224
1.50000,6.39000,0.10186
1.60000,6.39000,0.10148
1.70000,6.39000,0.10109
1.80000,6.39000,0.10069
1.90000,6.39000,0.10029
2.00000,6.39000,0.09988
2.10000,6.39000,0.09946
2.20000,6.39000,0.09905
2.30000,6.39000,0.09862
2.39000,6.39000,0.09820
2.49000,6.39000,0.09777
2.59000,6.39000,0.09734
2.69000,6.39000,0.09691
2.79000,6.39000,0.09646
2.89000,6.39000,0.09601
2.99000,6.39000,0.09556
3.09000,6.39000,0.09509
3.19000,6.39000,0.09461
3.29000,6.39000,0.09411
3.39000,6.39000,0.09360
3.49000,6.39000,0.09307
3.59000,6.39000,0.09251
3.69000,6.39000,0.09193
3.79000,6.39000,0.09131
3.89000,6.39000,0.09065
3.99000,6.39000,0.08995
4.09000,6.39000,0.08920
4.19000,6.39000,0.08839
4.29000,6.39000,0.08752
4.39000,6.39000,0.08656
4.49000,6.39000,0.08551
4.59000,6.39000,0.08436
4.69000,6.39000,0.08309
4.79000,6.39000,0.08167
4.89000,6.39000,0.08009
4.99000,6.39000,0.07832
5.09000,6.39000,0.07687
5.19000,6.39000,0.07566
5.29000,6.39000,0.07464
5.39000,6.39000,0.07380
5.49000,6.39000,0.07308
5.59000,6.39000,0.07248
5.69000,6.39000,0.07198
5.79000,6.39000,0.07155
5.89000,6.39000,0.07120
5.99000,6.39000,0.07091
6.09000,6.39000,0.07067
6.19000,6.39000,0.07048
6.29000,6.39000,0.07033
6.39000,6.39000,0.07022
6.49000,6.39000,0.07013
6.59000,6.39000,0.07008
6.69000,6.39000,0.07004
6.79000,6.39000,0.07003
6.89000,6.39000,0.07004
6.99000,6.39000,0.07006
7.09000,6.39000,0.07009
7.19000,6.39000,0.07013
7.29000,6.39000,0.07018
7.39000,6.39000,0.07024
7.49000,6.39000,0.07030
7.59000,6.39000,0.07036
7.69000,6.39000,0.07043
7.79000,6.39000,0.07049
7.89000,6.39000,0.07055
7.99000,6.39000,0.07061
8.09000,6.39000,0.07067
8.19000,6.39000,0.07072
8.29000,6.39000,0.07077
8.39000,6.39000,0.07082
8.49000,6.39000,0.07086
8.59000,6.39000,0.07090
8.69000,6.39000,0.07093
8.79000,6.39000,0.07096
8.89000,6.39000,0.07098
8.99000,6.39000,0.07100
9.09000,6.39000,0.07102
9.19000,6.39000,0.07103
9.29000,6.39000,0.07105
9.39000,6.39000,0.07105
9.50000,6.39000,0.07106
9.60000,6.39000,0.07107
9.70000,6.39000,0.07107
9.80000,6.39000,0.07107
9.90000,6.39000,0.07107
0.00000,6.49000,0.10473
0.10000,6.49000,0.10470
0.20000,6.49000,0.10464
0.30000,6.49000,0.10454
0.40000,6.49000,0.10442
0.50000,6.49000,0.10427
0.60000,6.49000,0.10409
0.70000,6.49000,0.10388
0.80000,6.49000,0.10365
0.90000,6.49000,0.10339
1.00000,6.49000,0.10312
1.10000,6.49000,0.10282
1.20000,6.49000,0.10251
1.30000,6.49000,0.10218
1.40000,6.49000,0.10184
1.50000,6.49000,0.10149
1.60000,6.49000,0.10113
1.70000,6.49000,0.10076
1.80000,6.49000,0.10038
1.90000,6.49000,0.10000
2.00000,6.49000,0.09961
2.10000,6.49000,0.09922
2.20000,6.49000,0.09882
2.30000,6.49000,0.09842
2.39000,6.49000,0.09802
2.49000,6.49000,0.09761
2.59000,6.49000,0.09720
2.69000,6.49000,0.09678
2.79000,6.49000,0.09636
2.89000,6.49000,0.09592
2.99000,6.49000,0.09548
3.09000,6.49000,0.09503
3.19000,6.49000,0.09456
3.29000,6.49000,0.09408
3.39000,6.49000,0.09358
3.49000,6.49000,0.09306
3.59000,6.49000,0.09251
3.69000,6.49000,0.09194
3.79000,6.49000,0.09133
3.89000,6.49000,0.09068
3.99000,6.49000,0.08999
4.09000,6.49000,0.08924
4.19000,6.49000,0.08844
4.29000,6.49000,0.08757
4.39000,6.49000,0.08662
4.49000,6.49000,0.08558
4.59000,6.49000,0.08443
4.69000,6.49000,0.08316
4.79000,6.49000,0.08174
4.89000,6.49000,0.08016
4.99000,6.49000,0.07840
5.09000,6.49000,0.07694
5.19000,6.49000,0.07573
5.29000,6.49000,0.07472
5.39000,6.49000,0.07387
5.49000,6.49000,0.07316
5.59000,6.49000,0.07256
5.69000,6.49000,0.07205
5.79000,6.49000,0.07163
5.89000,6.49000,0.07128
5.99000,6.49000,0.07099
6.09000,6.49000,0.07075
6.19000,6.49000,0.07056
6.29000,6.49000,0.07040
6.39000,6.49000,0.07029
6.49000,6.49000,0.07020
6.59000,6.49000,0.07014
6.69000,6.49000,0.07010
6.79000,6.49000,0.07009
6.89000,6.49000,0.07009
6.99000,6.49000,0.07010
7.09000,6.49000,0.07013
7.19000,6.49000,0.07016
7.29000,6.49000,0.07020
7.39000,6.49000,0.07025
7.49000,6.49000,0.07030
7.59000,6.49000,0.07035
7.69000,6.49000,0.07040
7.79000,6.49000,0.07046
7.89000,6.49000,0.07051
7.99000,6.49000,0.07056
8.09000,6.49000,0.07060
8.19000,6.49000,0.07064
8.29000,6.49000,0.07068
8.39000,6.49000,0.07071
8.49000,6.49000,0.07074
8.59000,6.49000,0.07077
8.69000,6.49000,0.07079
8.79000,6.49000,0.07080
8.89000,6.49000,0.07082
8.99000,6.49000,0.07083
9.09000,6.49000,0.07084
9.19000,6.49000,0.07084
9.29000,6.49000,0.07084
9.39000,6.49000,0.07085
9.50000,6.49000,0.07085
9.60000,6.49000,0.07085
9.70000,6.49000,0.07085
9.80000,6.49000,0.07085
9.90000,6.49000,0.07085
0.00000,6.59000,0.10417
0.10000,6.59000,0.10414
0.20000,6.59000,0.10408
0.30000,6.59000,0.10399
0.40000,6.59000,0.10388
0.50000,6.59000,0.10373
0.60000,6.59000,0.10356
0.70000,6.59000,0.10337
0.80000,6.59000,0.10315
0.90000,6.59000,0.10291
1.00000,6.59000,0.10265
1.10000,6.59000,0.10237
1.20000,6.59000,0.10208
1.30000,6.59000,0.10177
1.40000,6.59000,0.10145
1.50000,6.59000,0.10112
1.60000,6.59000,0.10077
1.70000,6.59000,0.10043
1.80000,6.59000,0.10007
1.90000,6.59000,0.09971
2.00000,6.59000,0.09934
2.10000,6.59000,0.09897
2.20000,6.59000,0.09859
2.30000,6.59000,0.09821
2.39000,6.59000,0.09783
2.49000,6.59000,0.09744
2.59000,6.59000,0.09705
2.69000,6.59000,0.09665
2.79000,6.59000,0.09624
2.89000,6.59000,0.09582
2.99000,6.59000,0.09540
3.09000,6.59000,0.09496
3.19000,6.59000,0.09451
3.29000,6.59000,0.09404
3.39000,6.59000,0.09355
3.49000,6.59000,0.09304
3.59000,6.59000,0.09250
3.69000,6.59000,0.09194
3.79000,6.59000,0.09134
3.89000,6.59000,0.09070
3.99000,6.59000,0.09001
4.09000,6.59000,0.08928
4.19000,6.59000,0.08848
4.29000,6.59000,0.08761
4.39000,6.59000,0.08667
4.49000,6.59000,0.08563
4.59000,6.59000,0.08448
4.69000,6.59000,0.08322
4.79000,6.59000,0.08180
4.89000,6.59000,0.08023
4.99000,6.59000,0.07846
5.09000,6.59000,0.07701
5.19000,6.59000,0.07580
5.29000,6.59000,0.07479
5.39000,6.59000,0.07394
5.49000,6.59000,0.07323
5.59000,6.59000,0.07263
5.69000,6.59000,0.07213
5.79000,6.59000,0.07171
5.89000,6.59000,0.07135
5.99000,6.59000,0.07106
6.09000,6.59000,0.07082
6.19000,6.59000,0.07063
6.29000,6.59000,0.07047
6.39000,6.59000,0.07035
6.49000,6.59000,0.07026
6.59000,6.59000,0.07020
6.69000,6.59000,0.07016
6.79000,6.59000,0.07014
6.89000,6.59000,0.07013
6.99000,6.59000,0.07014
7.09000,6.59000,0.07015
7.19000,6.59000,0.07018
7.29000,6.59000,0.07021
7.39000,6.59000,0.07025
7.49000,6.59000,0.07029
7.59000,6.59000,0.07033
7.69000,6.59000,0.07037
7.79000,6.59000,0.07041
7.89000,6.59000,0.07045
7.99000,6.59000,0.07049
8.09000,6.59000,0.07052
8.19000,6.59000,0.07055
8.29000,6.59000,0.07057
8.39000,6.59000,0.07059
8.49000,6.59000,0.07060
8.59000,6.59000,0.07062
8.69000,6.59000,0.07062
8.79000,6.59000,0.07063
8.89000,6.59000,0.07063
8.99000,6.59000,0.07063
9.09000,6.59000,0.07063
9.19000,6.59000,0.07063
9.29000,6.59000,0.07062
9.39000,6.59000,0.07062
9.50000,6.59000,0.07061
9.60000,6.59000,0.07061
9.70000,6.59000,0.07060
9.80000,6.59000,0.07060
9.90000,6.59000,0.07060
0.00000,6.69000,0.10362
0.10000,6.69000,0.10359
0.20000,6.69000,0.10353
0.30000,6.69000,0.10345
0.40000,6.69000,0.10334
0.50000,6.69000,0.10320
0.60000,6.69000,0.10304
0.70000,6.69000,0.10286
0.80000,6.69000,0.10265
0.90000,6.69000,0.10242
1.00000,6.69000,0.10218
1.10000,6.69000,0.10192
1.20000,6.69000,0.10164
1.30000,6.69000,0.10135
1.40000,6.69000,0.10105
1.50000,6.69000,0.10073
1.60000,6.69000,0.10041
1.70000,6.69000,0.10008
1.80000,6.69000,0.09975
1.90000,6.69000,0.09941
2.00000,6.69000,0.09906
2.10000,6.69000,0.09871
2.20000,6.69000,0.09835
2.30000,6.69000,0.09799
2.39000,6.69000,0.09763
2.49000,6.69000,0.09726
2.59000,6.69000,0.09688
2.69000,6.69000,0.09650
2.79000,6.69000,0.09611
2.89000,6.69000,0.09571
2.99000,6.69000,0.09530
3.09000,6.69000,0.09487
3.19000,6.69000,0.09444
3.29000,6.69000,0.09398
3.39000,6.69000,0.09351
3.49000,6.69000,0.09301
3.59000,6.69000,0.09248
3.69000,6.69000,0.09193
3.79000,6.69000,0.09133
3.89000,6.69000,0.09070
3.99000,6.69000,0.09003
4.09000,6.69000,0.08930
4.19000,6.69000,0.08851
4.29000,6.69000,0.08765
4.39000,6.69000,0.08671
4.49000,6.69000,0.08567
4.59000,6.69000,0.08453
4.69000,6.69000,0.08327
4.79000,6.69000,0.08186
4.89000,6.69000,0.08029
4.99000,6.69000,0.07852
5.09000,6.69000,0.07707
5.19000,6.69000,0.07586
5.29000,6.69000,0.07485
5.39000,6.69000,0.07401
5.49000,6.69000,0.07330
5.59000,6.69000,0.07270
5.69000,6.69000,0.07220
5.79000,6.69000,0.07178
5.89000,6.69000,0.07143
5.99000,6.69000,0.07113
6.09000,6.69000,0.07089
6.19000,6.69000,0.07070
6.29000,6.69000,0.07054
6.39000,6.69000,0.07042
6.49000,6.69000,0.07032
6.59000,6.69000,0.07026
6.69000,6.69000,0.07021
6.79000,6.69000,0.07018
6.89000,6.69000,0.07017
6.99000,6.69000,0.07017
7.09000,6.69000,0.07018
7.19000,6.69000,0.07019
7.29000,6.69000,0.07021
7.39000,6.69000,0.07024
7.49000,6.69000,0.07027
7.59000,6.69000,0.07030
7.69000,6.69000,0.07033
7.79000,6.69000,0.07035
7.89000,6.69000,0.07038
7.99000,6.69000,0.07040
8.09000,6.69000,0.07042
8.19000,6.69000,0.07043
8.29000,6.69000,0.07044
8.39000,6.69000,0.07045
8.49000,6.69000,0.07045
8.59000,6.69000,0.07045
8.69000,6.69000,0.07044
8.79000,6.69000,0.07044
8.89000,6.69000,0.07043
8.99000,6.69000,0.07041
9.09000,6.69000,0.07040
9.19000,6.69000,0.07039
9.29000,6.69000,0.07038
9.39000,6.69000,0.07036
9.50000,6.69000,0.07035
9.60000,6.69000,0.07034
9.70000,6.69000,0.07033
9.80000,6.69000,0.07033
9.90000,6.69000,0.07033
0.00000,6.79000,0.10306
0.10000,6.79000,0.10304
0.20000,6.79000,0.10298
0.30000,6.79000,0.10290
0.40000,6.79000,0.10280
0.50000,6.79000,0.10267
0.60000,6.79000,0.10252
0.70000,6.79000,0.10235
0.80000,6.79000,0.10215
0.90000,6.79000,0.10194
1.00000,6.79000,0.10171
1.10000,6.79000,0.10146
1.20000,6.79000,0.10120
1.30000,6.79000,0.10093
1.40000,6.79000,0.10065
1.50000,6.79000,0.10035
1.60000,6.79000,0.10005
1.70000,6.79000,0.09974
1.80000,6.79000,0.09942
1.90000,6.79000,0.09910
2.00000,6.79000,0.09877
2.10000,6.79000,0.09844
2.20000,6.79000,0.09810
2.30000,6.79000,0.09776
2.39000,6.79000,0.09742
2.49000,6.79000,0.09706
2.59000,6.79000,0.09671
2.69000,6.79000,0.09634
2.79000,6.79000,0.09597
2.89000,6.79000,0.09558
2.99000,6.79000,0.09519
3.09000,6.79000,0.09478
3.19000,6.79000,0.09436
3.29000,6.79000,0.09391
3.39000,6.79000,0.09345
3.49000,6.79000,0.09296
3.59000,6.79000,0.09245
3.69000,6.79000,0.09190
3.79000,6.79000,0.09132
3.89000,6.79000,0.09070
3.99000,6.79000,0.09003
4.09000,6.79000,0.08931
4.19000,6.79000,0.08853
4.29000,6.79000,0.08767
4.39000,6.79000,0.08674
4.49000,6.79000,0.08571
4.59000,6.79000,0.08458
4.69000,6.79000,0.08332
4.79000,6.79000,0.08191
4.89000,6.79000,0.08034
4.99000,6.79000,0.07858
5.09000,6.79000,0.07713
5.19000,6.79000,0.07592
5.29000,6.79000,0.07492
5.39000,6.79000,0.07407
5.49000,6.79000,0.07336
5.59000,6.79000,0.07277
5.69000,6.79000,0.07227
5.79000,6.79000,0.07184
5.89000,6.79000,0.07149
5.99000,6.79000,0.07120
6.09000,6.79000,0.07096
6.19000,6.79000,0.07076
6.29000,6.79000,0.07060
6.39000,6.79000,0.07048
6.49000,6.79000,0.07038
6.59000,6.79000,0.07031
6.69000,6.79000,0.07025
6.79000,6.79000,0.07022
6.89000,6.79000,0.07020
6.99000,6.79000,0.07019
7.09000,6.79000,0.07019
7.19000,6.79000,0.07020
7.29000,6.79000,0.07021
7.39000,6.79000,0.07022
7.49000,6.79000,0.07024
7.59000,6.79000,0.07026
7.69000,6.79000,0.07027
7.79000,6.79000,0.07029
7.89000,6.79000,0.07030
7.99000,6.79000,0.07030
8.09000,6.79000,0.07031
8.19000,6.79000,0.07031
8.29000,6.79000,0.07030
8.39000,6.79000,0.07029
8.49000,6.79000,0.07028
8.59000,6.79000,0.07026
8.69000,6.79000,0.07024
8.79000,6.79000,0.07022
8.89000,6.79000,0.07020
8.99000,6.79000,0.07018
9.09000,6.79000,0.07015
9.19000,6.79000,0.07013
9.29000,6.79000,0.07011
9.39000,6.79000,0.07009
9.50000,6.79000,0.07007
9.60000,6.79000,0.07006
9.70000,6.79000,0.07004
9.80000,6.79000,0.07004
9.90000,6.79000,0.07003
0.00000,6.89000,0.10252
0.10000,6.89000,0.10249
0.20000,6.89000,0.10244
0.30000,6.89000,0.10237
0.40000,6.89000,0.10227
0.50000,6.89000,0.10215
0.60000,6.89000,0.10201
0.70000,6.89000,0.10184
0.80000,6.89000,0.10166
0.90000,6.89000,0.10146
1.00000,6.89000,0.10124
1.10000,6.89000,0.10101
1.20000,6.89000,0.10077
1.30000,6.89000,0.10051
1.40000,6.89000,0.10024
1.50000,6.89000,0.09997
1.60000,6.89000,0.09968
1.70000,6.89000,0.09939
1.80000,6.89000,0.09909
1.90000,6.89000,0.09879
2.00000,6.89000,0.09848
2.10000,6.89000,0.09817
2.20000,6.89000,0.09785
2.30000,6.89000,0.09752
2.39000,6.89000,0.09720
2.49000,6.89000,0.09686
2.59000,6.89000,0.09652
2.69000,6.89000,0.09617
2.79000,6.89000,0.09582
2.89000,6.89000,0.09545
2.99000,6.89000,0.09507
3.09000,6.89000,0.09467
3.19000,6.89000,0.09426
3.29000,6.89000,0.09383
3.39000,6.89000,0.09338
3.49000,6.89000,0.09291
3.59000,6.89000,0.09240
3.69000,6.89000,0.09187
3.79000,6.89000,0.09130
3.89000,6.89000,0.09069
3.99000,6.89000,0.09003
4.09000,6.89000,0.08931
4.19000,6.89000,0.08854
4.29000,6.89000,0.08769
4.39000,6.89000,0.08676
4.49000,6.89000,0.08574
4.59000,6.89000,0.08461
4.69000,6.89000,0.08336
4.79000,6.89000,0.08196
4.89000,6.89000,0.08039
4.99000,6.89000,0.07863
5.09000,6.89000,0.07718
5.19000,6.89000,0.07598
5.29000,6.89000,0.07497
5.39000,6.89000,0.07413
5.49000,6.89000,0.07343
5.59000,6.89000,0.07283
5.69000,6.89000,0.07233
5.79000,6.89000,0.07191
5.89000,6.89000,0.07156
5.99000,6.89000,0.07126
6.09000,6.89000,0.07102
6.19000,6.89000,0.07082
6.29000,6.89000,0.07066
6.39000,6.89000,0.07053
6.49000,6.89000,0.07043
6.59000,6.89000,0.07035
6.69000,6.89000,0.07029
6.79000,6.89000,0.07025
6.89000,6.89000,0.07022
6.99000,6.89000,0.07020
7.09000,6.89000,0.07020
7.19000,6.89000,0.07019
7.29000,6.89000,0.07019
7.39000,6.89000,0.07020
7.49000,6.89000,0.07020
7.59000,6.89000,0.07020
7.69000,6.89000,0.07021
7.79000,6.89000,0.07020
7.89000,6.89000,0.07020
7.99000,6.89000,0.07019
8.09000,6.89000,0.07018
8.19000,6.89000,0.07016
8.29000,6.89000,0.07014
8.39000,6.89000,0.07012
8.49000,6.89000,0.07009
8.59000,6.89000,0.07006
8.69000,6.89000,0.07003
8.79000,6.89000,0.06999
8.89000,6.89000,0.06996
8.99000,6.89000,0.06992
9.09000,6.89000,0.06989
9.19000,6.89000,0.06985
9.29000,6.89000,0.06982
9.39000,6.89000,0.06979
9.50000,6.89000,0.06977
9.60000,6.89000,0.06975
9.70000,6.89000,0.06973
9.80000,6.89000,0.06972
9.90000,6.89000,0.06972
0.00000,6.99000,0.10198
0.10000,6.99000,0.10196
0.20000,6.99000,0.10191
0.30000,6.99000,0.10184
0.40000,6.99000,0.10175
0.50000,6.99000,0.10163
0.60000,6.99000,0.10150
0.70000,6.99000,0.10135
0.80000,6.99000,0.10117
0.90000,6.99000,0.10099
1.00000,6.99000,0.10078
1.10000,6.99000,0.10056
1.20000,6.99000,0.10033
1.30000,6.99000,0.10009
1.40000,6.99000,0.09984
1.50000,6.99000,0.09958
1.60000,6.99000,0.09931
1.70000,6.99000,0.09904
1.80000,6.99000,0.09876
1.90000,6.99000,0.09847
2.00000,6.99000,0.09818
2.10000,6.99000,0.09789
2.20000,6.99000,0.09759
2.30000,6.99000,0.09728
2.39000,6.99000,0.09697
2.49000,6.99000,0.09665
2.59000,6.99000,0.09633
2.69000,6.99000,0.09600
2.79000,6.99000,0.09566
2.89000,6.99000,0.09530
2.99000,6.99000,0.09494
3.09000,6.99000,0.09456
3.19000,6.99000,0.09416
3.29000,6.99000,0.09374
3.39000,6.99000,0.09331
3.49000,6.99000,0.09284
3.59000,6.99000,0.09235
3.69000,6.99000,0.09183
3.79000,6.99000,0.09127
3.89000,6.99000,0.09066
3.99000,6.99000,0.09001
4.09000,6.99000,0.08931
4.19000,6.99000,0.08854
4.29000,6.99000,0.08770
4.39000,6.99000,0.08678
4.49000,6.99000,0.08576
4.59000,6.99000,0.08464
4.69000,6.99000,0.08339
4.79000,6.99000,0.08199
4.89000,6.99000,0.08043
4.99000,6.99000,0.07867
5.09000,6.99000,0.07723
5.19000,6.99000,0.07603
5.29000,6.99000,0.07503
5.39000,6.99000,0.07419
5.49000,6.99000,0.07348
5.59000,6.99000,0.07289
5.69000,6.99000,0.07239
5.79000,6.99000,0.07197
5.89000,6.99000,0.07162
5.99000,6.99000,0.07132
6.09000,6.99000,0.07108
6.19000,6.99000,0.07088
6.29000,6.99000,0.07071
6.39000,6.99000,0.07058
6.49000,6.99000,0.07047
6.59000,6.99000,0.07039
6.69000,6.99000,0.07033
6.79000,6.99000,0.07028
6.89000,6.99000,0.07024
6.99000,6.99000,0.07021
7.09000,6.99000,0.07020
7.19000,6.99000,0.07018
7.29000,6.99000,0.07017
7.39000,6.99000,0.07016
7.49000,6.99000,0.07015
7.59000,6.99000,0.07014
7.69000,6.99000,0.07013
7.79000,6.99000,0.07011
7.89000,6.99000,0.07009
7.99000,6.99000,0.07007
8.09000,6.99000,0.07004
8.19000,6.99000,0.07001
8.29000,6.99000,0.06997
8.39000,6.99000,0.06993
8.49000,6.99000,0.06989
8.59000,6.99000,0.06984
8.69000,6.99000,0.06980
8.79000,6.99000,0.06975
8.89000,6.99000,0.06970
8.99000,6.99000,0.06965
9.09000,6.99000,0.06960
9.19000,6.99000,0.06956
9.29000,6.99000,0.06952
9.39000,6.99000,0.06948
9.50000,6.99000,0.06945
9.60000,6.99000,0.06942
9.70000,6.99000,0.06940
9.80000,6.99000,0.06939
9.90000,6.99000,0.06938
0.00000,7.09000,0.10146
0.10000,7.09000,0.10144
0.20000,7.09000,0.10139
0.30000,7.09000,0.10132
0.40000,7.09000,0.10124
0.50000,7.09000,0.10113
0.60000,7.09000,0.10100
0.70000,7.09000,0.10086
0.80000,7.09000,0.10070
0.90000,7.09000,0.10052
1.00000,7.09000,0.10033
1.10000,7.09000,0.10012
1.20000,7.09000,0.09990
1.30000,7.09000,0.09968
1.40000,7.09000,0.09944
1.50000,7.09000,0.09920
1.60000,7.09000,0.09894
1.70000,7.09000,0.09869
1.80000,7.09000,0.09842
1.90000,7.09000,0.09815
2.00000,7.09000,0.09788
2.10000,7.09000,0.09760
2.20000,7.09000,0.09732
2.30000,7.09000,0.09703
2.39000,7.09000,0.09674
2.49000,7.09000,0.09644
2.59000,7.09000,0.09613
2.69000,7.09000,0.09581
2.79000,7.09000,0.09548
2.89000,7.09000,0.09515
2.99000,7.09000,0.09480
3.09000,7.09000,0.09443
3.19000,7.09000,0.09405
3.29000,7.09000,0.09364
3.39000,7.09000,0.09322
3.49000,7.09000,0.09277
3.59000,7.09000,0.09229
3.69000,7.09000,0.09177
3.79000,7.09000,0.09122
3.89000,7.09000,0.09063
3.99000,7.09000,0.08999
4.09000,7.09000,0.08929
4.19000,7.09000,0.08853
4.29000,7.09000,0.08770
4.39000,7.09000,0.08679
4.49000,7.09000,0.08578
4.59000,7.09000,0.08466
4.69000,7.09000,0.08342
4.79000,7.09000,0.08203
4.89000,7.09000,0.08047
4.99000,7.09000,0.07871
5.09000,7.09000,0.07727
5.19000,7.09000,0.07607
5.29000,7.09000,0.07508
5.39000,7.09000,0.07424
5.49000,7.09000,0.07354
5.59000,7.09000,0.07294
5.69000,7.09000,0.07245
5.79000,7.09000,0.07203
5.89000,7.09000,0.07167
5.99000,7.09000,0.07138
6.09000,7.09000,0.07113
6.19000,7.09000,0.07093
6.29000,7.09000,0.07076
6.39000,7.09000,0.07063
6.49000,7.09000,0.07052
6.59000,7.09000,0.07043
6.69000,7.09000,0.07035
6.79000,7.09000,0.07030
6.89000,7.09000,0.07025
6.99000,7.09000,0.07022
7.09000,7.09000,0.07019
7.19000,7.09000,0.07016
7.29000,7.09000,0.07014
7.39000,7.09000,0.07012
7.49000,7.09000,0.07010
7.59000,7.09000,0.07007
7.69000,7.09000,0.07004
7.79000,7.09000,0.07001
7.89000,7.09000,0.06998
7.99000,7.09000,0.06994
8.09000,7.09000,0.06989
8.19000,7.09000,0.06984
8.29000,7.09000,0.06979
8.39000,7.09000,0.06973
8.49000,7.09000,0.06967
8.59000,7.09000,0.06961
8.69000,7.09000,0.06955
8.79000,7.09000,0.06948
8.89000,7.09000,0.06942
8.99000,7.09000,0.06936
9.09000,7.09000,0.06930
9.19000,7.09000,0.06924
9.29000,7.09000,0.06919
9.39000,7.09000,0.06915
9.50000,7.09000,0.06911
9.60000,7.09000,0.06908
9.70000,7.09000,0.06905
9.80000,7.09000,0.06903
9.90000,7.09000,0.06903
0.00000,7.19000,0.10095
0.10000,7.19000,0.10093
0.20000,7.19000,0.10088
0.30000,7.19000,0.10082
0.40000,7.19000,0.10074
0.50000,7.19000,0.10064
0.60000,7.19000,0.10052
0.70000,7.19000,0.10038
0.80000,7.19000,0.10023
0.90000,7.19000,0.10006
1.00000,7.19000,0.09988
1.10000,7.19000,0.09969
1.20000,7.19000,0.09948
1.30000,7.19000,0.09927
1.40000,7.19000,0.09904
1.50000,7.19000,0.09881
1.60000,7.19000,0.09858
1.70000,7.19000,0.09833
1.80000,7.19000,0.09809
1.90000,7.19000,0.09783
2.00000,7.19000,0.09758
2.10000,7.19000,0.09731
2.20000,7.19000,0.09705
2.30000,7.19000,0.09677
2.39000,7.19000,0.09650
2.49000,7.19000,0.09621
2.59000,7.19000,0.09592
2.69000,7.19000,0.09562
2.79000,7.19000,0.09531
2.89000,7.19000,0.09498
2.99000,7.19000,0.09465
3.09000,7.19000,0.09429
3.19000,7.19000,0.09392
3.29000,7.19000,0.09353
3.39000,7.19000,0.09312
3.49000,7.19000,0.09268
3.59000,7.19000,0.09221
3.69000,7.19000,0.09171
3.79000,7.19000,0.09117
3.89000,7.19000,0.09058
3.99000,7.19000,0.08995
4.09000,7.19000,0.08927
4.19000,7.19000,0.08852
4.29000,7.19000,0.08769
4.39000,7.19000,0.08679
4.49000,7.19000,0.08579
4.59000,7.19000,0.08467
4.69000,7.19000,0.08344
4.79000,7.19000,0.08205
4.89000,7.19000,0.08050
4.99000,7.19000,0.07875
5.09000,7.19000,0.07731
5.19000,7.19000,0.07612
5.29000,7.19000,0.07512
5.39000,7.19000,0.07429
5.49000,7.19000,0.07359
5.59000,7.19000,0.07300
5.69000,7.19000,0.07250
5.79000,7.19000,0.07208
5.89000,7.19000,0.07173
5.99000,7.19000,0.07143
6.09000,7.19000,0.07119
6.19000,7.19000,0.07098
6.29000,7.19000,0.07081
6.39000,7.19000,0.07067
6.49000,7.19000,0.07055
6.59000,7.19000,0.07046
6.69000,7.19000,0.07038
6.79000,7.19000,0.07032
6.89000,7.19000,0.07026
6.99000,7.19000,0.07022
7.09000,7.19000,0.07018
7.19000,7.19000,0.07014
7.29000,7.19000,0.07010
7.39000,7.19000,0.07007
7.49000,7.19000,0.07003
7.59000,7.19000,0.06999
7.69000,7.19000,0.06995
7.79000,7.19000,0.06990
7.89000,7.19000,0.06985
7.99000,7.19000,0.06979
8.09000,7.19000,0.06973
8.19000,7.19000,0.06966
8.29000,7.19000,0.06959
8.39000,7.19000,0.06952
8.49000,7.19000,0.06944
8.59000,7.19000,0.06936
8.69000,7.19000,0.06928
8.79000,7.19000,0.06921
8.89000,7.19000,0.06913
8.99000,7.19000,0.06905
9.09000,7.19000,0.06898
9.19000,7.19000,0.06891
9.29000,7.19000,0.06885
9.39000,7.19000,0.06880
9.50000,7.19000,0.06875
9.60000,7.19000,0.06871
9.70000,7.19000,0.06868
9.80000,7.19000,0.06866
9.90000,7.19000,0.06865
0.00000,7.29000,0.10045
0.10000,7.29000,0.10043
0.20000,7.29000,0.10039
0.30000,7.29000,0.10033
0.40000,7.29000,0.10025
0.50000,7.29000,0.10016
0.60000,7.29000,0.10004
0.70000,7.29000,0.09991
0.80000,7.29000,0.09977
0.90000,7.29000,0.09961
1.00000,7.29000,0.09944
1.10000,7.29000,0.09926
1.20000,7.29000,0.09907
1.30000,7.29000,0.09886
1.40000,7.29000,0.09865
1.50000,7.29000,0.09844
1.60000,7.29000,0.09821
1.70000,7.29000,0.09799
1.80000,7.29000,0.09775
1.90000,7.29000,0.09751
2.00000,7.29000,0.09727
2.10000,7.29000,0.09702
2.20000,7.29000,0.09677
2.30000,7.29000,0.09651
2.39000,7.29000,0.09625
2.49000,7.29000,0.09598
2.59000,7.29000,0.09570
2.69000,7.29000,0.09542
2.79000,7.29000,0.09512
2.89000,7.29000,0.09481
2.99000,7.29000,0.09449
3.09000,7.29000,0.09415
3.19000,7.29000,0.09379
3.29000,7.29000,0.09341
3.39000,7.29000,0.09301
3.49000,7.29000,0.09258
3.59000,7.29000,0.09212
3.69000,7.29000,0.09163
3.79000,7.29000,0.09110
3.89000,7.29000,0.09053
3.99000,7.29000,0.08991
4.09000,7.29000,0.08923
4.19000,7.29000,0.08849
4.29000,7.29000,0.08768
4.39000,7.29000,0.08678
4.49000,7.29000,0.08578
4.59000,7.29000,0.08468
4.69000,7.29000,0.08345
4.79000,7.29000,0.08207
4.89000,7.29000,0.08052
4.99000,7.29000,0.07878
5.09000,7.29000,0.07734
5.19000,7.29000,0.07615
5.29000,7.29000,0.07516
5.39000,7.29000,0.07433
5.49000,7.29000,0.07363
5.59000,7.29000,0.07304
5.69000,7.29000,0.07255
5.79000,7.29000,0.07213
5.89000,7.29000,0.07178
5.99000,7.29000,0.07148
6.09000,7.29000,0.07123
6.19000,7.29000,0.07103
6.29000,7.29000,0.07085
6.39000,7.29000,0.07071
6.49000,7.29000,0.07059
6.59000,7.29000,0.07049
6.69000,7.29000,0.07040
6.79000,7.29000,0.07033
6.89000,7.29000,0.07027
6.99000,7.29000,0.07021
7.09000,7.29000,0.07016
7.19000,7.29000,0.07011
7.29000,7.29000,0.07006
7.39000,7.29000,0.07001
7.49000,7.29000,0.06996
7.59000,7.29000,0.06991
7.69000,7.29000,0.06985
7.79000,7.29000,0.06978
7.89000,7.29000,0.06971
7.99000,7.29000,0.06964
8.09000,7.29000,0.06956
8.19000,7.29000,0.06947
8.29000,7.29000,0.06939
8.39000,7.29000,0.06929
8.49000,7.29000,0.06920
8.59000,7.29000,0.06910
8.69000,7.29000,0.06901
8.79000,7.29000,0.06891
8.89000,7.29000,0.06882
8.99000,7.29000,0.06873
9.09000,7.29000,0.06865
9.19000,7.29000,0.06857
9.29000,7.29000,0.06850
9.39000,7.29000,0.06843
9.50000,7.29000,0.06838
9.60000,7.29000,0.06833
9.70000,7.29000,0.06830
9.80000,7.29000,0.06828
9.90000,7.29000,0.06827
0.00000,7.39000,0.09997
0.10000,7.39000,0.09995
0.20000,7.39000,0.09991
0.30000,7.39000,0.09986
0.40000,7.39000,0.09978
0.50000,7.39000,0.09969
0.60000,7.39000,0.09959
0.70000,7.39000,0.09946
0.80000,7.39000,0.09933
0.90000,7.39000,0.09918
1.00000,7.39000,0.09901
1.10000,7.39000,0.09884
1.20000,7.39000,0.09866
1.30000,7.39000,0.09847
1.40000,7.39000,0.09827
1.50000,7.39000,0.09807
1.60000,7.39000,0.09786
1.70000,7.39000,0.09764
1.80000,7.39000,0.09742
1.90000,7.39000,0.09719
2.00000,7.39000,0.09697
2.10000,7.39000,0.09673
2.20000,7.39000,0.09649
2.30000,7.39000,0.09625
2.39000,7.39000,0.09600
2.49000,7.39000,0.09575
2.59000,7.39000,0.09548
2.69000,7.39000,0.09521
2.79000,7.39000,0.09492
2.89000,7.39000,0.09463
2.99000,7.39000,0.09432
3.09000,7.39000,0.09399
3.19000,7.39000,0.09365
3.29000,7.39000,0.09328
3.39000,7.39000,0.09289
3.49000,7.39000,0.09247
3.59000,7.39000,0.09203
3.69000,7.39000,0.09155
3.79000,7.39000,0.09103
3.89000,7.39000,0.09047
3.99000,7.39000,0.08985
4.09000,7.39000,0.08919
4.19000,7.39000,0.08845
4.29000,7.39000,0.08765
4.39000,7.39000,0.08676
4.49000,7.39000,0.08577
4.59000,7.39000,0.08468
4.69000,7.39000,0.08345
4.79000,7.39000,0.08208
4.89000,7.39000,0.08054
4.99000,7.39000,0.07880
5.09000,7.39000,0.07737
5.19000,7.39000,0.07618
5.29000,7.39000,0.07520
5.39000,7.39000,0.07437
5.49000,7.39000,0.07367
5.59000,7.39000,0.07309
5.69000,7.39000,0.07260
5.79000,7.39000,0.07218
5.89000,7.39000,0.07183
5.99000,7.39000,0.07153
6.09000,7.39000,0.07128
6.19000,7.39000,0.07107
6.29000,7.39000,0.07089
6.39000,7.39000,0.07074
6.49000,7.39000,0.07062
6.59000,7.39000,0.07051
6.69000,7.39000,0.07042
6.79000,7.39000,0.07034
6.89000,7.39000,0.07027
6.99000,7.39000,0.07020
7.09000,7.39000,0.07014
7.19000,7.39000,0.07008
7.29000,7.39000,0.07001
7.39000,7.39000,0.06995
7.49000,7.39000,0.06988
7.59000,7.39000,0.06981
7.69000,7.39000,0.06974
7.79000,7.39000,0.06965
7.89000,7.39000,0.06957
7.99000,7.39000,0.06948
8.09000,7.39000,0.06938
8.19000,7.39000,0.06928
8.29000,7.39000,0.06917
8.39000,7.39000,0.06906
8.49000,7.39000,0.06895
8.59000,7.39000,0.06883
8.69000,7.39000,0.06872
8.79000,7.39000,0.06861
8.89000,7.39000,0.06850
8.99000,7.39000,0.06840
9.09000,7.39000,0.06830
9.19000,7.39000,0.06821
9.29000,7.39000,0.06813
9.39000,7.39000,0.06806
9.50000,7.39000,0.06799
9.60000,7.39000,0.06794
9.70000,7.39000,0.06790
9.80000,7.39000,0.06788
9.90000,7.39000,0.06786
0.00000,7.49000,0.09951
0.10000,7.49000,0.09949
0.20000,7.49000,0.09945
0.30000,7.49000,0.09940
0.40000,7.49000,0.09933
0.50000,7.49000,0.09924
0.60000,7.49000,0.09914
0.70000,7.49000,0.09903
0.80000,7.49000,0.09890
0.90000,7.49000,0.09875
1.00000,7.49000,0.09860
1.10000,7.49000,0.09844
1.20000,7.49000,0.09826
1.30000,7.49000,0.09808
1.40000,7.49000,0.09789
1.50000,7.49000,0.09770
1.60000,7.49000,0.09750
1.70000,7.49000,0.09730
1.80000,7.49000,0.09709
1.90000,7.49000,0.09688
2.00000,7.49000,0.09666
2.10000,7.49000,0.09644
2.20000,7.49000,0.09622
2.30000,7.49000,0.09599
2.39000,7.49000,0.09575
2.49000,7.49000,0.09551
2.59000,7.49000,0.09525
2.69000,7.49000,0.09499
2.79000,7.49000,0.09472
2.89000,7.49000,0.09444
2.99000,7.49000,0.09414
3.09000,7.49000,0.09383
3.19000,7.49000,0.09349
3.29000,7.49000,0.09314
3.39000,7.49000,0.09276
3.49000,7.49000,0.09236
3.59000,7.49000,0.09192
3.69000,7.49000,0.09145
3.79000,7.49000,0.09095
3.89000,7.49000,0.09039
3.99000,7.49000,0.08979
4.09000,7.49000,0.08913
4.19000,7.49000,0.08841
4.29000,7.49000,0.08761
4.39000,7.49000,0.08673
4.49000,7.49000,0.08576
4.59000,7.49000,0.08467
4.69000,7.49000,0.08345
4.79000,7.49000,0.08209
4.89000,7.49000,0.08055
4.99000,7.49000,0.07882
5.09000,7.49000,0.07739
5.19000,7.49000,0.07621
5.29000,7.49000,0.07523
5.39000,7.49000,0.07441
5.49000,7.49000,0.07371
5.59000,7.49000,0.07313
5.69000,7.49000,0.07264
5.79000,7.49000,0.07222
5.89000,7.49000,0.07187
5.99000,7.49000,0.07157
6.09000,7.49000,0.07132
6.19000,7.49000,0.07111
6.29000,7.49000,0.07093
6.39000,7.49000,0.07078
6.49000,7.49000,0.07064
6.59000,7.49000,0.07053
6.69000,7.49000,0.07043
6.79000,7.49000,0.07034
6.89000,7.49000,0.07026
6.99000,7.49000,0.07019
7.09000,7.49000,0.07011
7.19000,7.49000,0.07004
7.29000,7.49000,0.06996
7.39000,7.49000,0.06988
7.49000,7.49000,0.06980
7.59000,7.49000,0.06971
7.69000,7.49000,0.06962
7.79000,7.49000,0.06952
7.89000,7.49000,0.06942
7.99000,7.49000,0.06931
8.09000,7.49000,0.06919
8.19000,7.49000,0.06907
8.29000,7.49000,0.06894
8.39000,7.49000,0.06882
8.49000,7.49000,0.06869
8.59000,7.49000,0.06856
8.69000,7.49000,0.06843
8.79000,7.49000,0.06830
8.89000,7.49000,0.06818
8.99000,7.49000,0.06806
9.09000,7.49000,0.06795
9.19000,7.49000,0.06784
9.29000,7.49000,0.06775
9.39000,7.49000,0.06767
9.50000,7.49000,0.06760
9.60000,7.49000,0.06754
9.70000,7.49000,0.06750
9.80000,7.49000,0.06747
9.90000,7.49000,0.06745
0.00000,7.59000,0.09906
0.10000,7.59000,0.09905
0.20000,7.59000,0.09901
0.30000,7.59000,0.09896
0.40000,7.59000,0.09890
0.50000,7.59000,0.09881
0.60000,7.59000,0.09871
0.70000,7.59000,0.09860
0.80000,7.59000,0.09848
0.90000,7.59000,0.09834
1.00000,7.59000,0.09820
1.10000,7.59000,0.09804
1.20000,7.59000,0.09788
1.30000,7.59000,0.09771
1.40000,7.59000,0.09753
1.50000,7.59000,0.09734
1.60000,7.59000,0.09715
1.70000,7.59000,0.09696
1.80000,7.59000,0.09676
1.90000,7.59000,0.09656
2.00000,7.59000,0.09636
2.10000,7.59000,0.09615
2.20000,7.59000,0.09594
2.30000,7.59000,0.09572
2.39000,7.59000,0.09549
2.49000,7.59000,0.09526
2.59000,7.59000,0.09502
2.69000,7.59000,0.09477
2.79000,7.59000,0.09452
2.89000,7.59000,0.09424
2.99000,7.59000,0.09396
3.09000,7.59000,0.09366
3.19000,7.59000,0.09333
3.29000,7.59000,0.09299
3.39000,7.59000,0.09263
3.49000,7.59000,0.09223
3.59000,7.59000,0.09181
3.69000,7.59000,0.09135
3.79000,7.59000,0.09085
3.89000,7.59000,0.09031
3.99000,7.59000,0.08972
4.09000,7.59000,0.08907
4.19000,7.59000,0.08836
4.29000,7.59000,0.08757
4.39000,7.59000,0.08670
4.49000,7.59000,0.08573
4.59000,7.59000,0.08465
4.69000,7.59000,0.08344
4.79000,7.59000,0.08208
4.89000,7.59000,0.08055
4.99000,7.59000,0.07883
5.09000,7.59000,0.07741
5.19000,7.59000,0.07623
5.29000,7.59000,0.07526
5.39000,7.59000,0.07444
5.49000,7.59000,0.07375
5.59000,7.59000,0.07317
5.69000,7.59000,0.07268
5.79000,7.59000,0.07226
5.89000,7.59000,0.07191
5.99000,7.59000,0.07161
6.09000,7.59000,0.07136
6.19000,7.59000,0.07115
6.29000,7.59000,0.07096
6.39000,7.59000,0.07081
6.49000,7.59000,0.07067
6.59000,7.59000,0.07055
6.69000,7.59000,0.07044
6.79000,7.59000,0.07035
6.89000,7.59000,0.07025
6.99000,7.59000,0.07017
7.09000,7.59000,0.07008
7.19000,7.59000,0.06999
7.29000,7.59000,0.06991
7.39000,7.59000,0.06981
7.49000,7.59000,0.06972
7.59000,7.59000,0.06961
7.69000,7.59000,0.06950
7.79000,7.59000,0.06938
7.89000,7.59000,0.06926
7.99000,7.59000,0.06913
8.09000,7.59000,0.06900
8.19000,7.59000,0.06886
8.29000,7.59000,0.06871
8.39000,7.59000,0.06857
8.49000,7.59000,0.06842
8.59000,7.59000,0.06827
8.69000,7.59000,0.06812
8.79000,7.59000,0.06798
8.89000,7.59000,0.06784
8.99000,7.59000,0.06771
9.09000,7.59000,0.06758
9.19000,7.59000,0.06747
9.29000,7.59000,0.06736
9.39000,7.59000,0.06727
9.50000,7.59000,0.06719
9.60000,7.59000,0.06713
9.70000,7.59000,0.06708
9.80000,7.59000,0.06704
9.90000,7.59000,0.06703
0.00000,7.69000,0.09864
0.10000,7.69000,0.09863
0.20000,7.69000,0.09859
0.30000,7.69000,0.09854
0.40000,7.69000,0.09848
0.50000,7.69000,0.09840
0.60000,7.69000,0.09831
0.70000,7.69000,0.09820
0.80000,7.69000,0.09808
0.90000,7.69000,0.09795
1.00000,7.69000,0.09781
1.10000,7.69000,0.09766
1.20000,7.69000,0.09750
1.30000,7.69000,0.09734
1.40000,7.69000,0.09717
1.50000,7.69000,0.09700
1.60000,7.69000,0.09682
1.70000,7.69000,0.09663
1.80000,7.69000,0.09644
1.90000,7.69000,0.09625
2.00000,7.69000,0.09606
2.10000,7.69000,0.09586
2.20000,7.69000,0.09566
2.30000,7.69000,0.09545
2.39000,7.69000,0.09524
2.49000,7.69000,0.09502
2.59000,7.69000,0.09479
2.69000,7.69000,0.09455
2.79000,7.69000,0.09430
2.89000,7.69000,0.09404
2.99000,7.69000,0.09377
3.09000,7.69000,0.09348
3.19000,7.69000,0.09317
3.29000,7.69000,0.09284
3.39000,7.69000,0.09248
3.49000,7.69000,0.09210
3.59000,7.69000,0.09169
3.69000,7.69000,0.09124
3.79000,7.69000,0.09075
3.89000,7.69000,0.09022
3.99000,7.69000,0.08964
4.09000,7.69000,0.08900
4.19000,7.69000,0.08830
4.29000,7.69000,0.08752
4.39000,7.69000,0.08666
4.49000,7.69000,0.08570
4.59000,7.69000,0.08463
4.69000,7.69000,0.08343
4.79000,7.69000,0.08208
4.89000,7.69000,0.08055
4.99000,7.69000,0.07883
5.09000,7.69000,0.07742
5.19000,7.69000,0.07625
5.29000,7.69000,0.07528
5.39000,7.69000,0.07446
5.49000,7.69000,0.07378
5.59000,7.69000,0.07320
5.69000,7.69000,0.07271
5.79000,7.69000,0.07230
5.89000,7.69000,0.07195
5.99000,7.69000,0.07165
6.09000,7.69000,0.07140
6.19000,7.69000,0.07118
6.29000,7.69000,0.07100
6.39000,7.69000,0.07083
6.49000,7.69000,0.07069
6.59000,7.69000,0.07057
6.69000,7.69000,0.07045
6.79000,7.69000,0.07035
6.89000,7.69000,0.07025
6.99000,7.69000,0.07015
7.09000,7.69000,0.07005
7.19000,7.69000,0.06995
7.29000,7.69000,0.06985
7.39000,7.69000,0.06974
7.49000,7.69000,0.06963
7.59000,7.69000,0.06950
7.69000,7.69000,0.06938
7.79000,7.69000,0.06924
7.89000,7.69000,0.06910
7.99000,7.69000,0.06895
8.09000,7.69000,0.06880
8.19000,7.69000,0.06864
8.29000,7.69000,0.06848
8.39000,7.69000,0.06831
8.49000,7.69000,0.06814
8.59000,7.69000,0.06798
8.69000,7.69000,0.06781
8.79000,7.69000,0.06765
8.89000,7.69000,0.06750
8.99000,7.69000,0.06735
9.09000,7.69000,0.06721
9.19000,7.69000,0.06708
9.29000,7.69000,0.06697
9.39000,7.69000,0.06686
9.50000,7.69000,0.06678
9.60000,7.69000,0.06671
9.70000,7.69000,0.06665
9.80000,7.69000,0.06662
9.90000,7.69000,0.06660
0.00000,7.79000,0.09824
0.10000,7.79000,0.09822
0.20000,7.79000,0.09819
0.30000,7.79000,0.09814
0.40000,7.79000,0.09808
0.50000,7.79000,0.09800
0.60000,7.79000,0.09791
0.70000,7.79000,0.09781
0.80000,7.79000,0.09770
0.90000,7.79000,0.09757
1.00000,7.79000,0.09744
1.10000,7.79000,0.09729
1.20000,7.79000,0.09714
1.30000,7.79000,0.09699
1.40000,7.79000,0.09682
1.50000,7.79000,0.09666
1.60000,7.79000,0.09648
1.70000,7.79000,0.09631
1.80000,7.79000,0.09613
1.90000,7.79000,0.09595
2.00000,7.79000,0.09576
2.10000,7.79000,0.09557
2.20000,7.79000,0.09538
2.30000,7.79000,0.09518
2.39000,7.79000,0.09498
2.49000,7.79000,0.09477
2.59000,7.79000,0.09455
2.69000,7.79000,0.09433
2.79000,7.79000,0.09409
2.89000,7.79000,0.09384
2.99000,7.79000,0.09357
3.09000,7.79000,0.09329
3.19000,7.79000,0.09300
3.29000,7.79000,0.09267
3.39000,7.79000,0.09233
3.49000,7.79000,0.09196
3.59000,7.79000,0.09156
3.69000,7.79000,0.09112
3.79000,7.79000,0.09064
3.89000,7.79000,0.09012
3.99000,7.79000,0.08955
4.09000,7.79000,0.08892
4.19000,7.79000,0.08823
4.29000,7.79000,0.08746
4.39000,7.79000,0.08661
4.49000,7.79000,0.08566
4.59000,7.79000,0.08460
4.69000,7.79000,0.08340
4.79000,7.79000,0.08206
4.89000,7.79000,0.08055
4.99000,7.79000,0.07883
5.09000,7.79000,0.07743
5.19000,7.79000,0.07626
5.29000,7.79000,0.07530
5.39000,7.79000,0.07449
5.49000,7.79000,0.07381
5.59000,7.79000,0.07323
5.69000,7.79000,0.07275
5.79000,7.79000,0.07233
5.89000,7.79000,0.07199
5.99000,7.79000,0.07169
6.09000,7.79000,0.07143
6.19000,7.79000,0.07121
6.29000,7.79000,0.07103
6.39000,7.79000,0.07086
6.49000,7.79000,0.07071
6.59000,7.79000,0.07058
6.69000,7.79000,0.07046
6.79000,7.79000,0.07034
6.89000,7.79000,0.07023
6.99000,7.79000,0.07012
7.09000,7.79000,0.07002
7.19000,7.79000,0.06990
7.29000,7.79000,0.06979
7.39000,7.79000,0.06966
7.49000,7.79000,0.06953
7.59000,7.79000,0.06940
7.69000,7.79000,0.06925
7.79000,7.79000,0.06910
7.89000,7.79000,0.06894
7.99000,7.79000,0.06877
8.09000,7.79000,0.06860
8.19000,7.79000,0.06842
8.29000,7.79000,0.06824
8.39000,7.79000,0.06805
8.49000,7.79000,0.06787
8.59000,7.79000,0.06768
8.69000,7.79000,0.06750
8.79000,7.79000,0.06732
8.89000,7.79000,0.06715
8.99000,7.79000,0.06699
9.09000,7.79000,0.06684
9.19000,7.79000,0.06669
9.29000,7.79000,0.06657
9.39000,7.79000,0.06646
9.50000,7.79000,0.06636
9.60000,7.79000,0.06628
9.70000,7.79000,0.06622
9.80000,7.79000,0.06618
9.90000,7.79000,0.06616
0.00000,7.89000,0.09786
0.10000,7.89000,0.09784
0.20000,7.89000,0.09781
0.30000,7.89000,0.09777
0.40000,7.89000,0.09770
0.50000,7.89000,0.09763
0.60000,7.89000,0.09754
0.70000,7.89000,0.09744
0.80000,7.89000,0.09733
0.90000,7.89000,0.09721
1.00000,7.89000,0.09708
1.10000,7.89000,0.09694
1.20000,7.89000,0.09680
1.30000,7.89000,0.09665
1.40000,7.89000,0.09649
1.50000,7.89000,0.09633
1.60000,7.89000,0.09616
1.70000,7.89000,0.09599
1.80000,7.89000,0.09582
1.90000,7.89000,0.09565
2.00000,7.89000,0.09547
2.10000,7.89000,0.09529
2.20000,7.89000,0.09511
2.30000,7.89000,0.09492
2.39000,7.89000,0.09472
2.49000,7.89000,0.09452
2.59000,7.89000,0.09431
2.69000,7.89000,0.09410
2.79000,7.89000,0.09387
2.89000,7.89000,0.09363
2.99000,7.89000,0.09338
3.09000,7.89000,0.09311
3.19000,7.89000,0.09282
3.29000,7.89000,0.09251
3.39000,7.89000,0.09217
3.49000,7.89000,0.09181
3.59000,7.89000,0.09142
3.69000,7.89000,0.09099
3.79000,7.89000,0.09053
3.89000,7.89000,0.09002
3.99000,7.89000,0.08946
4.09000,7.89000,0.08884
4.19000,7.89000,0.08816
4.29000,7.89000,0.08740
4.39000,7.89000,0.08656
4.49000,7.89000,0.08562
4.59000,7.89000,0.08456
4.69000,7.89000,0.08338
4.79000,7.89000,0.08204
4.89000,7.89000,0.08054
4.99000,7.89000,0.07883
5.09000,7.89000,0.07743
5.19000,7.89000,0.07627
5.29000,7.89000,0.07531
5.39000,7.89000,0.07451
5.49000,7.89000,0.07383
5.59000,7.89000,0.07326
5.69000,7.89000,0.07278
5.79000,7.89000,0.07237
5.89000,7.89000,0.07202
5.99000,7.89000,0.07172
6.09000,7.89000,0.07147
6.19000,7.89000,0.07124
6.29000,7.89000,0.07105
6.39000,7.89000,0.07088
6.49000,7.89000,0.07073
6.59000,7.89000,0.07059
6.69000,7.89000,0.07046
6.79000,7.89000,0.07034
6.89000,7.89000,0.07022
6.99000,7.89000,0.07010
7.09000,7.89000,0.06998
7.19000,7.89000,0.06985
7.29000,7.89000,0.06972
7.39000,7.89000,0.06959
7.49000,7.89000,0.06944
7.59000,7.89000,0.06929
7.69000,7.89000,0.06912
7.79000,7.89000,0.06895
7.89000,7.89000,0.06877
7.99000,7.89000,0.06859
8.09000,7.89000,0.06840
8.19000,7.89000,0.06820
8.29000,7.89000,0.06800
8.39000,7.89000,0.06779
8.49000,7.89000,0.06759
8.59000,7.89000,0.06739
8.69000,7.89000,0.06719
8.79000,7.89000,0.06699
8.89000,7.89000,0.06680
8.99000,7.89000,0.06662
9.09000,7.89000,0.06646
9.19000,7.89000,0.06630
9.29000,7.89000,0.06617
9.39000,7.89000,0.06604
9.50000,7.89000,0.06594
9.60000,7.89000,0.06585
9.70000,7.89000,0.06579
9.80000,7.89000,0.06575
9.90000,7.89000,0.06572
0.00000,7.99000,0.09750
0.10000,7.99000,0.09748
0.20000,7.99000,0.09745
0.30000,7.99000,0.09741
0.40000,7.99000,0.09735
0.50000,7.99000,0.09728
0.60000,7.99000,0.09719
0.70000,7.99000,0.09709
0.80000,7.99000,0.09699
0.90000,7.99000,0.09687
1.00000,7.99000,0.09674
1.10000,7.99000,0.09661
1.20000,7.99000,0.09646
1.30000,7.99000,0.09632
1.40000,7.99000,0.09617
1.50000,7.99000,0.09601
1.60000,7.99000,0.09585
1.70000,7.99000,0.09569
1.80000,7.99000,0.09552
1.90000,7.99000,0.09536
2.00000,7.99000,0.09518
2.10000,7.99000,0.09501
2.20000,7.99000,0.09483
2.30000,7.99000,0.09465
2.39000,7.99000,0.09447
2.49000,7.99000,0.09428
2.59000,7.99000,0.09408
2.69000,7.99000,0.09387
2.79000,7.99000,0.09365
2.89000,7.99000,0.09342
2.99000,7.99000,0.09317
3.09000,7.99000,0.09291
3.19000,7.99000,0.09263
3.29000,7.99000,0.09233
3.39000,7.99000,0.09201
3.49000,7.99000,0.09166
3.59000,7.99000,0.09128
3.69000,7.99000,0.09086
3.79000,7.99000,0.09041
3.89000,7.99000,0.08991
3.99000,7.99000,0.08936
4.09000,7.99000,0.08875
4.19000,7.99000,0.08808
4.29000,7.99000,0.08733
4.39000,7.99000,0.08650
4.49000,7.99000,0.08556
4.59000,7.99000,0.08452
4.69000,7.99000,0.08334
4.79000,7.99000,0.08202
4.89000,7.99000,0.08052
4.99000,7.99000,0.07882
5.09000,7.99000,0.07743
5.19000,7.99000,0.07628
5.29000,7.99000,0.07532
5.39000,7.99000,0.07452
5.49000,7.99000,0.07385
5.59000,7.99000,0.07328
5.69000,7.99000,0.07280
5.79000,7.99000,0.07239
5.89000,7.99000,0.07205
5.99000,7.99000,0.07175
6.09000,7.99000,0.07149
6.19000,7.99000,0.07127
6.29000,7.99000,0.07108
6.39000,7.99000,0.07090
6.49000,7.99000,0.07075
6.59000,7.99000,0.07060
6.69000,7.99000,0.07047
6.79000,7.99000,0.07034
6.89000,7.99000,0.07021
6.99000,7.99000,0.07008
7.09000,7.99000,0.06994
7.19000,7.99000,0.06980
7.29000,7.99000,0.06966
7.39000,7.99000,0.06951
7.49000,7.99000,0.06935
7.59000,7.99000,0.06917
7.69000,7.99000,0.06900
7.79000,7.99000,0.06881
7.89000,7.99000,0.06861
7.99000,7.99000,0.06840
8.09000,7.99000,0.06819
8.19000,7.99000,0.06798
8.29000,7.99000,0.06776
8.39000,7.99000,0.06753
8.49000,7.99000,0.06731
8.59000,7.99000,0.06709
8.69000,7.99000,0.06687
8.79000,7.99000,0.06666
8.89000,7.99000,0.06645
8.99000,7.99000,0.06626
9.09000,7.99000,0.06608
9.19000,7.99000,0.06591
9.29000,7.99000,0.06576
9.39000,7.99000,0.06563
9.50000,7.99000,0.06552
9.60000,7.99000,0.06543
9.70000,7.99000,0.06536
9.80000,7.99000,0.06531
9.90000,7.99000,0.06529
0.00000,8.09000,0.09716
0.10000,8.09000,0.09715
0.20000,8.09000,0.09712
0.30000,8.09000,0.09707
0.40000,8.09000,0.09701
0.50000,8.09000,0.09694
0.60000,8.09000,0.09686
0.70000,8.09000,0.09676
0.80000,8.09000,0.09666
0.90000,8.09000,0.09654
1.00000,8.09000,0.09642
1.10000,8.09000,0.09629
1.20000,8.09000,0.09615
1.30000,8.09000,0.09600
1.40000,8.09000,0.09586
1.50000,8.09000,0.09570
1.60000,8.09000,0.09555
1.70000,8.09000,0.09539
1.80000,8.09000,0.09523
1.90000,8.09000,0.09507
2.00000,8.09000,0.09491
2.10000,8.09000,0.09474
2.20000,8.09000,0.09457
2.30000,8.09000,0.09439
2.39000,8.09000,0.09421
2.49000,8.09000,0.09403
2.59000,8.09000,0.09384
2.69000,8.09000,0.09364
2.79000,8.09000,0.09343
2.89000,8.09000,0.09321
2.99000,8.09000,0.09297
3.09000,8.09000,0.09272
3.19000,8.09000,0.09245
3.29000,8.09000,0.09216
3.39000,8.09000,0.09184
3.49000,8.09000,0.09150
3.59000,8.09000,0.09113
3.69000,8.09000,0.09072
3.79000,8.09000,0.09028
3.89000,8.09000,0.08979
3.99000,8.09000,0.08925
4.09000,8.09000,0.08865
4.19000,8.09000,0.08799
4.29000,8.09000,0.08725
4.39000,8.09000,0.08643
4.49000,8.09000,0.08551
4.59000,8.09000,0.08447
4.69000,8.09000,0.08331
4.79000,8.09000,0.08199
4.89000,8.09000,0.08050
4.99000,8.09000,0.07881
5.09000,8.09000,0.07742
5.19000,8.09000,0.07628
5.29000,8.09000,0.07533
5.39000,8.09000,0.07453
5.49000,8.09000,0.07387
5.59000,8.09000,0.07330
5.69000,8.09000,0.07283
5.79000,8.09000,0.07242
5.89000,8.09000,0.07208
5.99000,8.09000,0.07178
6.09000,8.09000,0.07152
6.19000,8.09000,0.07130
6.29000,8.09000,0.07110
6.39000,8.09000,0.07092
6.49000,8.09000,0.07076
6.59000,8.09000,0.07061
6.69000,8.09000,0.07047
6.79000,8.09000,0.07033
6.89000,8.09000,0.07019
6.99000,8.09000,0.07005
7.09000,8.09000,0.06991
7.19000,8.09000,0.06975
7.29000,8.09000,0.06960
7.39000,8.09000,0.06943
7.49000,8.09000,0.06925
7.59000,8.09000,0.06906
7.69000,8.09000,0.06887
7.79000,8.09000,0.06866
7.89000,8.09000,0.06845
7.99000,8.09000,0.06822
8.09000,8.09000,0.06799
8.19000,8.09000,0.06776
8.29000,8.09000,0.06752
8.39000,8.09000,0.06727
8.49000,8.09000,0.06703
8.59000,8.09000,0.06679
8.69000,8.09000,0.06656
8.79000,8.09000,0.06633
8.89000,8.09000,0.06611
8.99000,8.09000,0.06590
9.09000,8.09000,0.06571
9.19000,8.09000,0.06553
9.29000,8.09000,0.06536
9.39000,8.09000,0.06522
9.50000,8.09000,0.06510
9.60000,8.09000,0.06500
9.70000,8.09000,0.06493
9.80000,8.09000,0.06488
9.90000,8.09000,0.06485
0.00000,8.19000,0.09685
0.10000,8.19000,0.09683
0.20000,8.19000,0.09680
0.30000,8.19000,0.09676
0.40000,8.19000,0.09670
0.50000,8.19000,0.09663
0.60000,8.19000,0.09655
0.70000,8.19000,0.09645
0.80000,8.19000,0.09635
0.90000,8.19000,0.09623
1.00000,8.19000,0.09611
1.10000,8.19000,0.09598
1.20000,8.19000,0.09585
1.30000,8.19000,0.09571
1.40000,8.19000,0.09556
1.50000,8.19000,0.09541
1.60000,8.19000,0.09526
1.70000,8.19000,0.09511
1.80000,8.19000,0.09495
1.90000,8.19000,0.09479
2.00000,8.19000,0.09463
2.10000,8.19000,0.09447
2.20000,8.19000,0.09431
2.30000,8.19000,0.09414
2.39000,8.19000,0.09397
2.49000,8.19000,0.09379
2.59000,8.19000,0.09360
2.69000,8.19000,0.09341
2.79000,8.19000,0.09321
2.89000,8.19000,0.09299
2.99000,8.19000,0.09277
3.09000,8.19000,0.09252
3.19000,8.19000,0.09226
3.29000,8.19000,0.09198
3.39000,8.19000,0.09167
3.49000,8.19000,0.09134
3.59000,8.19000,0.09098
3.69000,8.19000,0.09058
3.79000,8.19000,0.09015
3.89000,8.19000,0.08967
3.99000,8.19000,0.08914
4.09000,8.19000,0.08855
4.19000,8.19000,0.08790
4.29000,8.19000,0.08717
4.39000,8.19000,0.08636
4.49000,8.19000,0.08545
4.59000,8.19000,0.08442
4.69000,8.19000,0.08326
4.79000,8.19000,0.08196
4.89000,8.19000,0.08047
4.99000,8.19000,0.07879
5.09000,8.19000,0.07741
5.19000,8.19000,0.07628
5.29000,8.19000,0.07533
5.39000,8.19000,0.07454
5.49000,8.19000,0.07388
5.59000,8.19000,0.07332
5.69000,8.19000,0.07285
5.79000,8.19000,0.07244
5.89000,8.19000,0.07210
5.99000,8.19000,0.07180
6.09000,8.19000,0.07155
6.19000,8.19000,0.07132
6.29000,8.19000,0.07112
6.39000,8.19000,0.07094
6.49000,8.19000,0.07078
6.59000,8.19000,0.07062
6.69000,8.19000,0.07047
6.79000,8.19000,0.07032
6.89000,8.19000,0.07018
6.99000,8.19000,0.07003
7.09000,8.19000,0.06987
7.19000,8.19000,0.06971
7.29000,8.19000,0.06953
7.39000,8.19000,0.06935
7.49000,8.19000,0.06916
7.59000,8.19000,0.06896
7.69000,8.19000,0.06874
7.79000,8.19000,0.06852
7.89000,8.19000,0.06828
7.99000,8.19000,0.06804
8.09000,8.19000,0.06779
8.19000,8.19000,0.06754
8.29000,8.19000,0.06728
8.39000,8.19000,0.06702
8.49000,8.19000,0.06676
8.59000,8.19000,0.06650
8.69000,8.19000,0.06625
8.79000,8.19000,0.06600
8.89000,8.19000,0.06577
8.99000,8.19000,0.06554
9.09000,8.19000,0.06533
9.19000,8.19000,0.06514
9.29000,8.19000,0.06497
9.39000,8.19000,0.06482
9.50000,8.19000,0.06469
9.60000,8.19000,0.06458
9.70000,8.19000,0.06450
9.80000,8.19000,0.06445
9.90000,8.19000,0.06442
0.00000,8.29000,0.09655
0.10000,8.29000,0.09654
0.20000,8.29000,0.09651
0.30000,8.29000,0.09646
0.40000,8.29000,0.09641
0.50000,8.29000,0.09634
0.60000,8.29000,0.09625
0.70000,8.29000,0.09616
0.80000,8.29000,0.09606
0.90000,8.29000,0.09594
1.00000,8.29000,0.09582
1.10000,8.29000,0.09570
1.20000,8.29000,0.09556
1.30000,8.29000,0.09542
1.40000,8.29000,0.09528
1.50000,8.29000,0.09513
1.60000,8.29000,0.09499
1.70000,8.29000,0.09483
1.80000,8.29000,0.09468
1.90000,8.29000,0.09453
2.00000,8.29000,0.09437
2.10000,8.29000,0.09421
2.20000,8.29000,0.09405
2.30000,8.29000,0.09389
2.39000,8.29000,0.09372
2.49000,8.29000,0.09355
2.59000,8.29000,0.09337
2.69000,8.29000,0.09319
2.79000,8.29000,0.09299
2.89000,8.29000,0.09278
2.99000,8.29000,0.09256
3.09000,8.29000,0.09233
3.19000,8.29000,0.09207
3.29000,8.29000,0.09180
3.39000,8.29000,0.09150
3.49000,8.29000,0.09118
3.59000,8.29000,0.09083
3.69000,8.29000,0.09044
3.79000,8.29000,0.09001
3.89000,8.29000,0.08954
3.99000,8.29000,0.08902
4.09000,8.29000,0.08845
4.19000,8.29000,0.08780
4.29000,8.29000,0.08709
4.39000,8.29000,0.08628
4.49000,8.29000,0.08538
4.59000,8.29000,0.08436
4.69000,8.29000,0.08322
4.79000,8.29000,0.08192
4.89000,8.29000,0.08044
4.99000,8.29000,0.07877
5.09000,8.29000,0.07740
5.19000,8.29000,0.07627
5.29000,8.29000,0.07533
5.39000,8.29000,0.07455
5.49000,8.29000,0.07389
5.59000,8.29000,0.07333
5.69000,8.29000,0.07287
5.79000,8.29000,0.07247
5.89000,8.29000,0.07212
5.99000,8.29000,0.07183
6.09000,8.29000,0.07157
6.19000,8.29000,0.07135
6.29000,8.29000,0.07114
6.39000,8.29000,0.07096
6.49000,8.29000,0.07079
6.59000,8.29000,0.07063
6.69000,8.29000,0.07047
6.79000,8.29000,0.07032
6.89000,8.29000,0.07016
6.99000,8.29000,0.07000
7.09000,8.29000,0.06983
7.19000,8.29000,0.06966
7.29000,8.29000,0.06947
7.39000,8.29000,0.06927
7.49000,8.29000,0.06907
7.59000,8.29000,0.06885
7.69000,8.29000,0.06862
7.79000,8.29000,0.06838
7.89000,8.29000,0.06813
7.99000,8.29000,0.06786
8.09000,8.29000,0.06760
8.19000,8.29000,0.06732
8.29000,8.29000,0.06705
8.39000,8.29000,0.06677
8.49000,8.29000,0.06649
8.59000,8.29000,0.06621
8.69000,8.29000,0.06594
8.79000,8.29000,0.06568
8.89000,8.29000,0.06543
8.99000,8.29000,0.06519
9.09000,8.29000,0.06497
9.19000,8.29000,0.06477
9.29000,8.29000,0.06458
9.39000,8.29000,0.06442
9.50000,8.29000,0.06428
9.60000,8.29000,0.06417
9.70000,8.29000,0.06409
9.80000,8.29000,0.06403
9.90000,8.29000,0.06400
0.00000,8.39000,0.09628
0.10000,8.39000,0.09626
0.20000,8.39000,0.09624
0.30000,8.39000,0.09619
0.40000,8.39000,0.09614
0.50000,8.39000,0.09607
0.60000,8.39000,0.09598
0.70000,8.39000,0.09589
0.80000,8.39000,0.09579
0.90000,8.39000,0.09567
1.00000,8.39000,0.09555
1.10000,8.39000,0.09543
1.20000,8.39000,0.09529
1.30000,8.39000,0.09516
1.40000,8.39000,0.09501
1.50000,8.39000,0.09487
1.60000,8.39000,0.09472
1.70000,8.39000,0.09457
1.80000,8.39000,0.09442
1.90000,8.39000,0.09427
2.00000,8.39000,0.09412
2.10000,8.39000,0.09396
2.20000,8.39000,0.09381
2.30000,8.39000,0.09365
2.39000,8.39000,0.09349
2.49000,8.39000,0.09332
2.59000,8.39000,0.09314
2.69000,8.39000,0.09296
2.79000,8.39000,0.09277
2.89000,8.39000,0.09257
2.99000,8.39000,0.09236
3.09000,8.39000,0.09213
3.19000,8.39000,0.09189
3.29000,8.39000,0.09162
3.39000,8.39000,0.09133
3.49000,8.39000,0.09102
3.59000,8.39000,0.09067
3.69000,8.39000,0.09029
3.79000,8.39000,0.08988
3.89000,8.39000,0.08942
3.99000,8.39000,0.08891
4.09000,8.39000,0.08834
4.19000,8.39000,0.08771
4.29000,8.39000,0.08700
4.39000,8.39000,0.08620
4.49000,8.39000,0.08531
4.59000,8.39000,0.08430
4.69000,8.39000,0.08317
4.79000,8.39000,0.08188
4.89000,8.39000,0.08041
4.99000,8.39000,0.07875
5.09000,8.39000,0.07738
5.19000,8.39000,0.07626
5.29000,8.39000,0.07533
5.39000,8.39000,0.07455
5.49000,8.39000,0.07390
5.59000,8.39000,0.07335
5.69000,8.39000,0.07288
5.79000,8.39000,0.07248
5.89000,8.39000,0.07214
5.99000,8.39000,0.07185
6.09000,8.39000,0.07159
6.19000,8.39000,0.07137
6.29000,8.39000,0.07116
6.39000,8.39000,0.07098
6.49000,8.39000,0.07080
6.59000,8.39000,0.07064
6.69000,8.39000,0.07047
6.79000,8.39000,0.07031
6.89000,8.39000,0.07015
6.99000,8.39000,0.06998
7.09000,8.39000,0.06980
7.19000,8.39000,0.06961
7.29000,8.39000,0.06941
7.39000,8.39000,0.06920
7.49000,8.39000,0.06898
7.59000,8.39000,0.06874
7.69000,8.39000,0.06850
7.79000,8.39000,0.06824
7.89000,8.39000,0.06797
7.99000,8.39000,0.06769
8.09000,8.39000,0.06741
8.19000,8.39000,0.06712
8.29000,8.39000,0.06682
8.39000,8.39000,0.06652
8.49000,8.39000,0.06623
8.59000,8.39000,0.06593
8.69000,8.39000,0.06565
8.79000,8.39000,0.06537
8.89000,8.39000,0.06510
8.99000,8.39000,0.06485
9.09000,8.39000,0.06462
9.19000,8.39000,0.06440
9.29000,8.39000,0.06420
9.39000,8.39000,0.06403
9.50000,8.39000,0.06389
9.60000,8.39000,0.06377
9.70000,8.39000,0.06368
9.80000,8.39000,0.06362
9.90000,8.39000,0.06359
0.00000,8.49000,0.09603
0.10000,8.49000,0.09601
0.20000,8.49000,0.09598
0.30000,8.49000,0.09594
0.40000,8.49000,0.09588
0.50000,8.49000,0.09581
0.60000,8.49000,0.09573
0.70000,8.49000,0.09564
0.80000,8.49000,0.09553
0.90000,8.49000,0.09542
1.00000,8.49000,0.09530
1.10000,8.49000,0.09517
1.20000,8.49000,0.09504
1.30000,8.49000,0.09490
1.40000,8.49000,0.09476
1.50000,8.49000,0.09462
1.60000,8.49000,0.09447
1.70000,8.49000,0.09433
1.80000,8.49000,0.09418
1.90000,8.49000,0.09403
2.00000,8.49000,0.09388
2.10000,8.49000,0.09373
2.20000,8.49000,0.09357
2.30000,8.49000,0.09342
2.39000,8.49000,0.09326
2.49000,8.49000,0.09309
2.59000,8.49000,0.09292
2.69000,8.49000,0.09275
2.79000,8.49000,0.09256
2.89000,8.49000,0.09237
2.99000,8.49000,0.09216
3.09000,8.49000,0.09194
3.19000,8.49000,0.09170
3.29000,8.49000,0.09144
3.39000,8.49000,0.09116
3.49000,8.49000,0.09086
3.59000,8.49000,0.09052
3.69000,8.49000,0.09015
3.79000,8.49000,0.08974
3.89000,8.49000,0.08929
3.99000,8.49000,0.08879
4.09000,8.49000,0.08823
4.19000,8.49000,0.08761
4.29000,8.49000,0.08691
4.39000,8.49000,0.08612
4.49000,8.49000,0.08524
4.59000,8.49000,0.08424
4.69000,8.49000,0.08311
4.79000,8.49000,0.08183
4.89000,8.49000,0.08038
4.99000,8.49000,0.07872
5.09000,8.49000,0.07736
5.19000,8.49000,0.07625
5.29000,8.49000,0.07532
5.39000,8.49000,0.07455
5.49000,8.49000,0.07390
5.59000,8.49000,0.07336
5.69000,8.49000,0.07289
5.79000,8.49000,0.07250
5.89000,8.49000,0.07216
5.99000,8.49000,0.07187
6.09000,8.49000,0.07161
6.19000,8.49000,0.07139
6.29000,8.49000,0.07118
6.39000,8.49000,0.07099
6.49000,8.49000,0.07081
6.59000,8.49000,0.07064
6.69000,8.49000,0.07047
6.79000,8.49000,0.07031
6.89000,8.49000,0.07013
6.99000,8.49000,0.06995
7.09000,8.49000,0.06976
7.19000,8.49000,0.06956
7.29000,8.49000,0.06935
7.39000,8.49000,0.06913
7.49000,8.49000,0.06889
7.59000,8.49000,0.06864
7.69000,8.49000,0.06838
7.79000,8.49000,0.06811
7.89000,8.49000,0.06782
7.99000,8.49000,0.06753
8.09000,8.49000,0.06722
8.19000,8.49000,0.06691
8.29000,8.49000,0.06660
8.39000,8.49000,0.06629
8.49000,8.49000,0.06597
8.59000,8.49000,0.06566
8.69000,8.49000,0.06536
8.79000,8.49000,0.06507
8.89000,8.49000,0.06478
8.99000,8.49000,0.06452
9.09000,8.49000,0.06427
9.19000,8.49000,0.06404
9.29000,8.49000,0.06384
9.39000,8.49000,0.06366
9.50000,8.49000,0.06351
9.60000,8.49000,0.06338
9.70000,8.49000,0.06329
9.80000,8.49000,0.06322
9.90000,8.49000,0.06319
0.00000,8.59000,0.09580
0.10000,8.59000,0.09578
0.20000,8.59000,0.09576
0.30000,8.59000,0.09571
0.40000,8.59000,0.09565
0.50000,8.59000,0.09558
0.60000,8.59000,0.09550
0.70000,8.59000,0.09541
0.80000,8.59000,0.09530
0.90000,8.59000,0.09519
1.00000,8.59000,0.09507
1.10000,8.59000,0.09494
1.20000,8.59000,0.09481
1.30000,8.59000,0.09467
1.40000,8.59000,0.09453
1.50000,8.59000,0.09438
1.60000,8.59000,0.09424
1.70000,8.59000,0.09409
1.80000,8.59000,0.09394
1.90000,8.59000,0.09380
2.00000,8.59000,0.09365
2.10000,8.59000,0.09350
2.20000,8.59000,0.09335
2.30000,8.59000,0.09319
2.39000,8.59000,0.09304
2.49000,8.59000,0.09288
2.59000,8.59000,0.09271
2.69000,8.59000,0.09254
2.79000,8.59000,0.09236
2.89000,8.59000,0.09217
2.99000,8.59000,0.09197
3.09000,8.59000,0.09175
3.19000,8.59000,0.09152
3.29000,8.59000,0.09127
3.39000,8.59000,0.09099
3.49000,8.59000,0.09070
3.59000,8.59000,0.09037
3.69000,8.59000,0.09001
3.79000,8.59000,0.08961
3.89000,8.59000,0.08916
3.99000,8.59000,0.08867
4.09000,8.59000,0.08812
4.19000,8.59000,0.08751
4.29000,8.59000,0.08682
4.39000,8.59000,0.08604
4.49000,8.59000,0.08517
4.59000,8.59000,0.08418
4.69000,8.59000,0.08306
4.79000,8.59000,0.08179
4.89000,8.59000,0.08034
4.99000,8.59000,0.07869
5.09000,8.59000,0.07734
5.19000,8.59000,0.07623
5.29000,8.59000,0.07532
5.39000,8.59000,0.07455
5.49000,8.59000,0.07391
5.59000,8.59000,0.07336
5.69000,8.59000,0.07291
5.79000,8.59000,0.07252
5.89000,8.59000,0.07218
5.99000,8.59000,0.07189
6.09000,8.59000,0.07163
6.19000,8.59000,0.07141
6.29000,8.59000,0.07120
6.39000,8.59000,0.07101
6.49000,8.59000,0.07083
6.59000,8.59000,0.07065
6.69000,8.59000,0.07048
6.79000,8.59000,0.07030
6.89000,8.59000,0.07012
6.99000,8.59000,0.06993
7.09000,8.59000,0.06973
7.19000,8.59000,0.06952
7.29000,8.59000,0.06930
7.39000,8.59000,0.06906
7.49000,8.59000,0.06881
7.59000,8.59000,0.06855
7.69000,8.59000,0.06827
7.79000,8.59000,0.06798
7.89000,8.59000,0.06768
7.99000,8.59000,0.06737
8.09000,8.59000,0.06705
8.19000,8.59000,0.06672
8.29000,8.59000,0.06639
8.39000,8.59000,0.06606
8.49000,8.59000,0.06573
8.59000,8.59000,0.06540
8.69000,8.59000,0.06508
8.79000,8.59000,0.06478
8.89000,8.59000,0.06448
8.99000,8.59000,0.06420
9.09000,8.59000,0.06394
9.19000,8.59000,0.06370
9.29000,8.59000,0.06349
9.39000,8.59000,0.06330
9.50000,8.59000,0.06314
9.60000,8.59000,0.06301
9.70000,8.59000,0.06291
9.80000,8.59000,0.06284
9.90000,8.59000,0.06281
0.00000,8.69000,0.09559
0.10000,8.69000,0.09558
0.20000,8.69000,0.09555
0.30000,8.69000,0.09550
0.40000,8.69000,0.09544
0.50000,8.69000,0.09537
0.60000,8.69000,0.09529
0.70000,8.69000,0.09519
0.80000,8.69000,0.09509
0.90000,8.69000,0.09497
1.00000,8.69000,0.09485
1.10000,8.69000,0.09472
1.20000,8.69000,0.09459
1.30000,8.69000,0.09445
1.40000,8.69000,0.09431
1.50000,8.69000,0.09416
1.60000,8.69000,0.09402
1.70000,8.69000,0.09387
1.80000,8.69000,0.09372
1.90000,8.69000,0.09358
2.00000,8.69000,0.09343
2.10000,8.69000,0.09328
2.20000,8.69000,0.09313
2.30000,8.69000,0.09298
2.39000,8.69000,0.09282
2.49000,8.69000,0.09267
2.59000,8.69000,0.09251
2.69000,8.69000,0.09234
2.79000,8.69000,0.09216
2.89000,8.69000,0.09198
2.99000,8.69000,0.09178
3.09000,8.69000,0.09157
3.19000,8.69000,0.09134
3.29000,8.69000,0.09110
3.39000,8.69000,0.09083
3.49000,8.69000,0.09054
3.59000,8.69000,0.09022
3.69000,8.69000,0.08986
3.79000,8.69000,0.08947
3.89000,8.69000,0.08904
3.99000,8.69000,0.08855
4.09000,8.69000,0.08801
4.19000,8.69000,0.08741
4.29000,8.69000,0.08673
4.39000,8.69000,0.08596
4.49000,8.69000,0.08510
4.59000,8.69000,0.08412
4.69000,8.69000,0.08301
4.79000,8.69000,0.08174
4.89000,8.69000,0.08030
4.99000,8.69000,0.07866
5.09000,8.69000,0.07732
5.19000,8.69000,0.07622
5.29000,8.69000,0.07531
5.39000,8.69000,0.07455
5.49000,8.69000,0.07391
5.59000,8.69000,0.07337
5.69000,8.69000,0.07292
5.79000,8.69000,0.07253
5.89000,8.69000,0.07219
5.99000,8.69000,0.07190
6.09000,8.69000,0.07165
6.19000,8.69000,0.07142
6.29000,8.69000,0.07121
6.39000,8.69000,0.07102
6.49000,8.69000,0.07084
6.59000,8.69000,0.07066
6.69000,8.69000,0.07048
6.79000,8.69000,0.07029
6.89000,8.69000,0.07010
6.99000,8.69000,0.06991
7.09000,8.69000,0.06970
7.19000,8.69000,0.06948
7.29000,8.69000,0.06925
7.39000,8.69000,0.06900
7.49000,8.69000,0.06873
7.59000,8.69000,0.06846
7.69000,8.69000,0.06816
7.79000,8.69000,0.06786
7.89000,8.69000,0.06754
7.99000,8.69000,0.06721
8.09000,8.69000,0.06688
8.19000,8.69000,0.06654
8.29000,8.69000,0.06619
8.39000,8.69000,0.06584
8.49000,8.69000,0.06550
8.59000,8.69000,0.06515
8.69000,8.69000,0.06482
8.79000,8.69000,0.06450
8.89000,8.69000,0.06419
8.99000,8.69000,0.06390
9.09000,8.69000,0.06362
9.19000,8.69000,0.06337
9.29000,8.69000,0.06315
9.39000,8.69000,0.06295
9.50000,8.69000,0.06278
9.60000,8.69000,0.06265
9.70000,8.69000,0.06254
9.80000,8.69000,0.06247
9.90000,8.69000,0.06244
0.00000,8.79000,0.09540
0.10000,8.79000,0.09539
0.20000,8.79000,0.09536
0.30000,8.79000,0.09531
0.40000,8.79000,0.09525
0.50000,8.79000,0.09518
0.60000,8.79000,0.09509
0.70000,8.79000,0.09500
0.80000,8.79000,0.09489
0.90000,8.79000,0.09478
1.00000,8.79000,0.09465
1.10000,8.79000,0.09452
1.20000,8.79000,0.09439
1.30000,8.79000,0.09425
1.40000,8.79000,0.09411
1.50000,8.79000,0.09396
1.60000,8.79000,0.09381
1.70000,8.79000,0.09367
1.80000,8.79000,0.09352
1.90000,8.79000,0.09337
2.00000,8.79000,0.09322
2.10000,8.79000,0.09308
2.20000,8.79000,0.09293
2.30000,8.79000,0.09278
2.39000,8.79000,0.09262
2.49000,8.79000,0.09247
2.59000,8.79000,0.09231
2.69000,8.79000,0.09215
2.79000,8.79000,0.09197
2.89000,8.79000,0.09179
2.99000,8.79000,0.09160
3.09000,8.79000,0.09140
3.19000,8.79000,0.09117
3.29000,8.79000,0.09094
3.39000,8.79000,0.09067
3.49000,8.79000,0.09039
3.59000,8.79000,0.09007
3.69000,8.79000,0.08973
3.79000,8.79000,0.08934
3.89000,8.79000,0.08892
3.99000,8.79000,0.08844
4.09000,8.79000,0.08791
4.19000,8.79000,0.08731
4.29000,8.79000,0.08664
4.39000,8.79000,0.08588
4.49000,8.79000,0.08502
4.59000,8.79000,0.08405
4.69000,8.79000,0.08295
4.79000,8.79000,0.08170
4.89000,8.79000,0.08026
4.99000,8.79000,0.07863
5.09000,8.79000,0.07730
5.19000,8.79000,0.07620
5.29000,8.79000,0.07530
5.39000,8.79000,0.07454
5.49000,8.79000,0.07391
5.59000,8.79000,0.07338
5.69000,8.79000,0.07292
5.79000,8.79000,0.07254
5.89000,8.79000,0.07221
5.99000,8.79000,0.07192
6.09000,8.79000,0.07167
6.19000,8.79000,0.07144
6.29000,8.79000,0.07123
6.39000,8.79000,0.07103
6.49000,8.79000,0.07085
6.59000,8.79000,0.07066
6.69000,8.79000,0.07048
6.79000,8.79000,0.07029
6.89000,8.79000,0.07009
6.99000,8.79000,0.06989
7.09000,8.79000,0.06967
7.19000,8.79000,0.06944
7.29000,8.79000,0.06920
7.39000,8.79000,0.06894
7.49000,8.79000,0.06866
7.59000,8.79000,0.06837
7.69000,8.79000,0.06806
7.79000,8.79000,0.06774
7.89000,8.79000,0.06741
7.99000,8.79000,0.06707
8.09000,8.79000,0.06672
8.19000,8.79000,0.06636
8.29000,8.79000,0.06600
8.39000,8.79000,0.06564
8.49000,8.79000,0.06527
8.59000,8.79000,0.06492
8.69000,8.79000,0.06457
8.79000,8.79000,0.06423
8.89000,8.79000,0.06391
8.99000,8.79000,0.06361
9.09000,8.79000,0.06332
9.19000,8.79000,0.06306
9.29000,8.79000,0.06283
9.39000,8.79000,0.06263
9.50000,8.79000,0.06245
9.60000,8.79000,0.06231
9.70000,8.79000,0.06220
9.80000,8.79000,0.06213
9.90000,8.79000,0.06209
0.00000,8.89000,0.09523
0.10000,8.89000,0.09522
0.20000,8.89000,0.09519
0.30000,8.89000,0.09514
0.40000,8.89000,0.09508
0.50000,8.89000,0.09501
0.60000,8.89000,0.09492
0.70000,8.89000,0.09482
0.80000,8.89000,0.09471
0.90000,8.89000,0.09460
1.00000,8.89000,0.09447
1.10000,8.89000,0.09434
1.20000,8.89000,0.09420
1.30000,8.89000,0.09406
1.40000,8.89000,0.09392
1.50000,8.89000,0.09377
1.60000,8.89000,0.09362
1.70000,8.89000,0.09348
1.80000,8.89000,0.09333
1.90000,8.89000,0.09318
2.00000,8.89000,0.09303
2.10000,8.89000,0.09288
2.20000,8.89000,0.09274
2.30000,8.89000,0.09259
2.39000,8.89000,0.09244
2.49000,8.89000,0.09228
2.59000,8.89000,0.09213
2.69000,8.89000,0.09197
2.79000,8.89000,0.09180
2.89000,8.89000,0.09162
2.99000,8.89000,0.09143
3.09000,8.89000,0.09123
3.19000,8.89000,0.09101
3.29000,8.89000,0.09078
3.39000,8.89000,0.09052
3.49000,8.89000,0.09024
3.59000,8.89000,0.08994
3.69000,8.89000,0.08960
3.79000,8.89000,0.08922
3.89000,8.89000,0.08880
3.99000,8.89000,0.08833
4.09000,8.89000,0.08781
4.19000,8.89000,0.08722
4.29000,8.89000,0.08655
4.39000,8.89000,0.08580
4.49000,8.89000,0.08495
4.59000,8.89000,0.08399
4.69000,8.89000,0.08290
4.79000,8.89000,0.08165
4.89000,8.89000,0.08023
4.99000,8.89000,0.07860
5.09000,8.89000,0.07727
5.19000,8.89000,0.07619
5.29000,8.89000,0.07528
5.39000,8.89000,0.07453
5.49000,8.89000,0.07391
5.59000,8.89000,0.07338
5.69000,8.89000,0.07293
5.79000,8.89000,0.07255
5.89000,8.89000,0.07222
5.99000,8.89000,0.07193
6.09000,8.89000,0.07168
6.19000,8.89000,0.07145
6.29000,8.89000,0.07124
6.39000,8.89000,0.07104
6.49000,8.89000,0.07085
6.59000,8.89000,0.07067
6.69000,8.89000,0.07048
6.79000,8.89000,0.07028
6.89000,8.89000,0.07008
6.99000,8.89000,0.06987
7.09000,8.89000,0.06964
7.19000,8.89000,0.06940
7.29000,8.89000,0.06915
7.39000,8.89000,0.06888
7.49000,8.89000,0.06859
7.59000,8.89000,0.06829
7.69000,8.89000,0.06797
7.79000,8.89000,0.06764
7.89000,8.89000,0.06729
7.99000,8.89000,0.06694
8.09000,8.89000,0.06657
8.19000,8.89000,0.06620
8.29000,8.89000,0.06582
8.39000,8.89000,0.06544
8.49000,8.89000,0.06507
8.59000,8.89000,0.06470
8.69000,8.89000,0.06434
8.79000,8.89000,0.06399
8.89000,8.89000,0.06365
8.99000,8.89000,0.06334
9.09000,8.89000,0.06304
9.19000,8.89000,0.06277
9.29000,8.89000,0.06253
9.39000,8.89000,0.06232
9.50000,8.89000,0.06214
9.60000,8.89000,0.06199
9.70000,8.89000,0.06188
9.80000,8.89000,0.06180
9.90000,8.89000,0.06177
0.00000,8.99000,0.09508
0.10000,8.99000,0.09506
0.20000,8.99000,0.09503
0.30000,8.99000,0.09499
0.40000,8.99000,0.09493
0.50000,8.99000,0.09485
0.60000,8.99000,0.09476
0.70000,8.99000,0.09466
0.80000,8.99000,0.09456
0.90000,8.99000,0.09444
1.00000,8.99000,0.09431
1.10000,8.99000,0.09418
1.20000,8.99000,0.09404
1.30000,8.99000,0.09389
1.40000,8.99000,0.09375
1.50000,8.99000,0.09360
1.60000,8.99000,0.09345
1.70000,8.99000,0.09330
1.80000,8.99000,0.09315
1.90000,8.99000,0.09300
2.00000,8.99000,0.09286
2.10000,8.99000,0.09271
2.20000,8.99000,0.09256
2.30000,8.99000,0.09241
2.39000,8.99000,0.09226
2.49000,8.99000,0.09211
2.59000,8.99000,0.09196
2.69000,8.99000,0.09180
2.79000,8.99000,0.09163
2.89000,8.99000,0.09146
2.99000,8.99000,0.09127
3.09000,8.99000,0.09107
3.19000,8.99000,0.09086
3.29000,8.99000,0.09063
3.39000,8.99000,0.09038
3.49000,8.99000,0.09011
3.59000,8.99000,0.08981
3.69000,8.99000,0.08947
3.79000,8.99000,0.08910
3.89000,8.99000,0.08869
3.99000,8.99000,0.08823
4.09000,8.99000,0.08771
4.19000,8.99000,0.08713
4.29000,8.99000,0.08647
4.39000,8.99000,0.08573
4.49000,8.99000,0.08489
4.59000,8.99000,0.08393
4.69000,8.99000,0.08284
4.79000,8.99000,0.08160
4.89000,8.99000,0.08019
4.99000,8.99000,0.07857
5.09000,8.99000,0.07725
5.19000,8.99000,0.07617
5.29000,8.99000,0.07527
5.39000,8.99000,0.07453
5.49000,8.99000,0.07390
5.59000,8.99000,0.07338
5.69000,8.99000,0.07294
5.79000,8.99000,0.07256
5.89000,8.99000,0.07223
5.99000,8.99000,0.07195
6.09000,8.99000,0.07169
6.19000,8.99000,0.07146
6.29000,8.99000,0.07125
6.39000,8.99000,0.07106
6.49000,8.99000,0.07086
6.59000,8.99000,0.07067
6.69000,8.99000,0.07048
6.79000,8.99000,0.07028
6.89000,8.99000,0.07007
6.99000,8.99000,0.06985
7.09000,8.99000,0.06962
7.19000,8.99000,0.06937
7.29000,8.99000,0.06911
7.39000,8.99000,0.06883
7.49000,8.99000,0.06853
7.59000,8.99000,0.06822
7.69000,8.99000,0.06789
7.79000,8.99000,0.06754
7.89000,8.99000,0.06718
7.99000,8.99000,0.06681
8.09000,8.99000,0.06643
8.19000,8.99000,0.06605
8.29000,8.99000,0.06566
8.39000,8.99000,0.06527
8.49000,8.99000,0.06488
8.59000,8.99000,0.06449
8.69000,8.99000,0.06412
8.79000,8.99000,0.06376
8.89000,8.99000,0.06341
8.99000,8.99000,0.06309
9.09000,8.99000,0.06278
9.19000,8.99000,0.06250
9.29000,8.99000,0.06225
9.39000,8.99000,0.06203
9.50000,8.99000,0.06185
9.60000,8.99000,0.06170
9.70000,8.99000,0.06158
9.80000,8.99000,0.06150
9.90000,8.99000,0.06146
0.00000,9.09000,0.09495
0.10000,9.09000,0.09493
0.20000,9.09000,0.09490
0.30000,9.09000,0.09485
0.40000,9.09000,0.09479
0.50000,9.09000,0.09471
0.60000,9.09000,0.09463
0.70000,9.09000,0.09452
0.80000,9.09000,0.09441
0.90000,9.09000,0.09429
1.00000,9.09000,0.09416
1.10000,9.09000,0.09403
1.20000,9.09000,0.09389
1.30000,9.09000,0.09374
1.40000,9.09000,0.09360
1.50000,9.09000,0.09345
1.60000,9.09000,0.09330
1.70000,9.09000,0.09315
1.80000,9.09000,0.09299
1.90000,9.09000,0.09284
2.00000,9.09000,0.09270
2.10000,9.09000,0.09255
2.20000,9.09000,0.09240
2.30000,9.09000,0.09225
2.39000,9.09000,0.09210
2.49000,9.09000,0.09195
2.59000,9.09000,0.09180
2.69000,9.09000,0.09164
2.79000,9.09000,0.09148
2.89000,9.09000,0.09130
2.99000,9.09000,0.09112
3.09000,9.09000,0.09093
3.19000,9.09000,0.09072
3.29000,9.09000,0.09049
3.39000,9.09000,0.09025
3.49000,9.09000,0.08998
3.59000,9.09000,0.08968
3.69000,9.09000,0.08935
3.79000,9.09000,0.08899
3.89000,9.09000,0.08858
3.99000,9.09000,0.08813
4.09000,9.09000,0.08762
4.19000,9.09000,0.08704
4.29000,9.09000,0.08639
4.39000,9.09000,0.08566
4.49000,9.09000,0.08482
4.59000,9.09000,0.08387
4.69000,9.09000,0.08279
4.79000,9.09000,0.08156
4.89000,9.09000,0.08015
4.99000,9.09000,0.07854
5.09000,9.09000,0.07723
5.19000,9.09000,0.07615
5.29000,9.09000,0.07526
5.39000,9.09000,0.07452
5.49000,9.09000,0.07390
5.59000,9.09000,0.07338
5.69000,9.09000,0.07294
5.79000,9.09000,0.07256
5.89000,9.09000,0.07224
5.99000,9.09000,0.07196
6.09000,9.09000,0.07170
6.19000,9.09000,0.07148
6.29000,9.09000,0.07127
6.39000,9.09000,0.07107
6.49000,9.09000,0.07087
6.59000,9.09000,0.07068
6.69000,9.09000,0.07048
6.79000,9.09000,0.07028
6.89000,9.09000,0.07006
6.99000,9.09000,0.06984
7.09000,9.09000,0.06960
7.19000,9.09000,0.06934
7.29000,9.09000,0.06907
7.39000,9.09000,0.06878
7.49000,9.09000,0.06847
7.59000,9.09000,0.06815
7.69000,9.09000,0.06781
7.79000,9.09000,0.06745
7.89000,9.09000,0.06708
7.99000,9.09000,0.06670
8.09000,9.09000,0.06631
8.19000,9.09000,0.06591
8.29000,9.09000,0.06551
8.39000,9.09000,0.06510
8.49000,9.09000,0.06470
8.59000,9.09000,0.06431
8.69000,9.09000,0.06392
8.79000,9.09000,0.06355
8.89000,9.09000,0.06319
8.99000,9.09000,0.06286
9.09000,9.09000,0.06254
9.19000,9.09000,0.06226
9.29000,9.09000,0.06200
9.39000,9.09000,0.06177
9.50000,9.09000,0.06158
9.60000,9.09000,0.06142
9.70000,9.09000,0.06131
9.80000,9.09000,0.06123
9.90000,9.09000,0.06119
0.00000,9.19000,0.09483
0.10000,9.19000,0.09481
0.20000,9.19000,0.09478
0.30000,9.19000,0.09473
0.40000,9.19000,0.09467
0.50000,9.19000,0.09459
0.60000,9.19000,0.09450
0.70000,9.19000,0.09440
0.80000,9.19000,0.09429
0.90000,9.19000,0.09417
1.00000,9.19000,0.09404
1.10000,9.19000,0.09390
1.20000,9.19000,0.09376
1.30000,9.19000,0.09361
1.40000,9.19000,0.09346
1.50000,9.19000,0.09331
1.60000,9.19000,0.09316
1.70000,9.19000,0.09300
1.80000,9.19000,0.09285
1.90000,9.19000,0.09270
2.00000,9.19000,0.09255
2.10000,9.19000,0.09240
2.20000,9.19000,0.09225
2.30000,9.19000,0.09211
2.39000,9.19000,0.09196
2.49000,9.19000,0.09181
2.59000,9.19000,0.09166
2.69000,9.19000,0.09150
2.79000,9.19000,0.09134
2.89000,9.19000,0.09117
2.99000,9.19000,0.09099
3.09000,9.19000,0.09080
3.19000,9.19000,0.09059
3.29000,9.19000,0.09037
3.39000,9.19000,0.09013
3.49000,9.19000,0.08986
3.59000,9.19000,0.08957
3.69000,9.19000,0.08925
3.79000,9.19000,0.08889
3.89000,9.19000,0.08849
3.99000,9.19000,0.08804
4.09000,9.19000,0.08753
4.19000,9.19000,0.08696
4.29000,9.19000,0.08632
4.39000,9.19000,0.08559
4.49000,9.19000,0.08476
4.59000,9.19000,0.08382
4.69000,9.19000,0.08275
4.79000,9.19000,0.08152
4.89000,9.19000,0.08012
4.99000,9.19000,0.07851
5.09000,9.19000,0.07721
5.19000,9.19000,0.07613
5.29000,9.19000,0.07525
5.39000,9.19000,0.07451
5.49000,9.19000,0.07390
5.59000,9.19000,0.07338
5.69000,9.19000,0.07294
5.79000,9.19000,0.07257
5.89000,9.19000,0.07225
5.99000,9.19000,0.07197
6.09000,9.19000,0.07171
6.19000,9.19000,0.07149
6.29000,9.19000,0.07128
6.39000,9.19000,0.07107
6.49000,9.19000,0.07088
6.59000,9.19000,0.07068
6.69000,9.19000,0.07048
6.79000,9.19000,0.07027
6.89000,9.19000,0.07006
6.99000,9.19000,0.06982
7.09000,9.19000,0.06958
7.19000,9.19000,0.06932
7.29000,9.19000,0.06904
7.39000,9.19000,0.06874
7.49000,9.19000,0.06842
7.59000,9.19000,0.06809
7.69000,9.19000,0.06774
7.79000,9.19000,0.06737
7.89000,9.19000,0.06699
7.99000,9.19000,0.06660
8.09000,9.19000,0.06619
8.19000,9.19000,0.06578
8.29000,9.19000,0.06537
8.39000,9.19000,0.06496
8.49000,9.19000,0.06454
8.59000,9.19000,0.06414
8.69000,9.19000,0.06374
8.79000,9.19000,0.06336
8.89000,9.19000,0.06300
8.99000,9.19000,0.06265
9.09000,9.19000,0.06233
9.19000,9.19000,0.06203
9.29000,9.19000,0.06177
9.39000,9.19000,0.06154
9.50000,9.19000,0.06134
9.60000,9.19000,0.06118
9.70000,9.19000,0.06106
9.80000,9.19000,0.06098
9.90000,9.19000,0.06093
0.00000,9.29000,0.09473
0.10000,9.29000,0.09471
0.20000,9.29000,0.09468
0.30000,9.29000,0.09463
0.40000,9.29000,0.09457
0.50000,9.29000,0.09449
0.60000,9.29000,0.09440
0.70000,9.29000,0.09429
0.80000,9.29000,0.09418
0.90000,9.29000,0.09406
1.00000,9.29000,0.09392
1.10000,9.29000,0.09378
1.20000,9.29000,0.09364
1.30000,9.29000,0.09349
1.40000,9.29000,0.09334
1.50000,9.29000,0.09319
1.60000,9.29000,0.09303
1.70000,9.29000,0.09288
1.80000,9.29000,0.09273
1.90000,9.29000,0.09257
2.00000,9.29000,0.09242
2.10000,9.29000,0.09227
2.20000,9.29000,0.09213
2.30000,9.29000,0.09198
2.39000,9.29000,0.09183
2.49000,9.29000,0.09168
2.59000,9.29000,0.09153
2.69000,9.29000,0.09137
2.79000,9.29000,0.09121
2.89000,9.29000,0.09104
2.99000,9.29000,0.09087
3.09000,9.29000,0.09068
3.19000,9.29000,0.09048
3.29000,9.29000,0.09026
3.39000,9.29000,0.09002
3.49000,9.29000,0.08976
3.59000,9.29000,0.08947
3.69000,9.29000,0.08915
3.79000,9.29000,0.08880
3.89000,9.29000,0.08840
3.99000,9.29000,0.08795
4.09000,9.29000,0.08745
4.19000,9.29000,0.08689
4.29000,9.29000,0.08625
4.39000,9.29000,0.08553
4.49000,9.29000,0.08471
4.59000,9.29000,0.08377
4.69000,9.29000,0.08271
4.79000,9.29000,0.08149
4.89000,9.29000,0.08009
4.99000,9.29000,0.07849
5.09000,9.29000,0.07719
5.19000,9.29000,0.07612
5.29000,9.29000,0.07524
5.39000,9.29000,0.07450
5.49000,9.29000,0.07389
5.59000,9.29000,0.07338
5.69000,9.29000,0.07295
5.79000,9.29000,0.07257
5.89000,9.29000,0.07225
5.99000,9.29000,0.07197
6.09000,9.29000,0.07172
6.19000,9.29000,0.07150
6.29000,9.29000,0.07128
6.39000,9.29000,0.07108
6.49000,9.29000,0.07088
6.59000,9.29000,0.07069
6.69000,9.29000,0.07048
6.79000,9.29000,0.07027
6.89000,9.29000,0.07005
6.99000,9.29000,0.06981
7.09000,9.29000,0.06956
7.19000,9.29000,0.06929
7.29000,9.29000,0.06901
7.39000,9.29000,0.06870
7.49000,9.29000,0.06838
7.59000,9.29000,0.06803
7.69000,9.29000,0.06767
7.79000,9.29000,0.06730
7.89000,9.29000,0.06691
7.99000,9.29000,0.06651
8.09000,9.29000,0.06609
8.19000,9.29000,0.06567
8.29000,9.29000,0.06525
8.39000,9.29000,0.06483
8.49000,9.29000,0.06440
8.59000,9.29000,0.06399
8.69000,9.29000,0.06358
8.79000,9.29000,0.06319
8.89000,9.29000,0.06282
8.99000,9.29000,0.06247
9.09000,9.29000,0.06214
9.19000,9.29000,0.06184
9.29000,9.29000,0.06157
9.39000,9.29000,0.06133
9.50000,9.29000,0.06113
9.60000,9.29000,0.06096
9.70000,9.29000,0.06084
9.80000,9.29000,0.06075
9.90000,9.29000,0.06071
0.00000,9.39000,0.09464
0.10000,9.39000,0.09463
0.20000,9.39000,0.09459
0.30000,9.39000,0.09455
0.40000,9.39000,0.09448
0.50000,9.39000,0.09440
0.60000,9.39000,0.09431
0.70000,9.39000,0.09420
0.80000,9.39000,0.09409
0.90000,9.39000,0.09396
1.00000,9.39000,0.09383
1.10000,9.39000,0.09369
1.20000,9.39000,0.09354
1.30000,9.39000,0.09339
1.40000,9.39000,0.09324
1.50000,9.39000,0.09308
1.60000,9.39000,0.09293
1.70000,9.39000,0.09277
1.80000,9.39000,0.09262
1.90000,9.39000,0.09247
2.00000,9.39000,0.09231
2.10000,9.39000,0.09216
2.20000,9.39000,0.09201
2.30000,9.39000,0.09187
2.39000,9.39000,0.09172
2.49000,9.39000,0.09157
2.59000,9.39000,0.09142
2.69000,9.39000,0.09126
2.79000,9.39000,0.09110
2.89000,9.39000,0.09094
2.99000,9.39000,0.09076
3.09000,9.39000,0.09057
3.19000,9.39000,0.09037
3.29000,9.39000,0.09016
3.39000,9.39000,0.08992
3.49000,9.39000,0.08967
3.59000,9.39000,0.08938
3.69000,9.39000,0.08907
3.79000,9.39000,0.08871
3.89000,9.39000,0.08832
3.99000,9.39000,0.08788
4.09000,9.39000,0.08739
4.19000,9.39000,0.08683
4.29000,9.39000,0.08620
4.39000,9.39000,0.08548
4.49000,9.39000,0.08466
4.59000,9.39000,0.08373
4.69000,9.39000,0.08267
4.79000,9.39000,0.08145
4.89000,9.39000,0.08006
4.99000,9.39000,0.07846
5.09000,9.39000,0.07717
5.19000,9.39000,0.07610
5.29000,9.39000,0.07523
5.39000,9.39000,0.07450
5.49000,9.39000,0.07389
5.59000,9.39000,0.07338
5.69000,9.39000,0.07295
5.79000,9.39000,0.07258
5.89000,9.39000,0.07226
5.99000,9.39000,0.07198
6.09000,9.39000,0.07173
6.19000,9.39000,0.07150
6.29000,9.39000,0.07129
6.39000,9.39000,0.07109
6.49000,9.39000,0.07089
6.59000,9.39000,0.07069
6.69000,9.39000,0.07048
6.79000,9.39000,0.07027
6.89000,9.39000,0.07004
6.99000,9.39000,0.06980
7.09000,9.39000,0.06955
7.19000,9.39000,0.06927
7.29000,9.39000,0.06898
7.39000,9.39000,0.06867
7.49000,9.39000,0.06834
7.59000,9.39000,0.06799
7.69000,9.39000,0.06762
7.79000,9.39000,0.06724
7.89000,9.39000,0.06684
7.99000,9.39000,0.06643
8.09000,9.39000,0.06601
8.19000,9.39000,0.06558
8.29000,9.39000,0.06515
8.39000,9.39000,0.06471
8.49000,9.39000,0.06428
8.59000,9.39000,0.06386
8.69000,9.39000,0.06345
8.79000,9.39000,0.06305
8.89000,9.39000,0.06267
8.99000,9.39000,0.06231
9.09000,9.39000,0.06197
9.19000,9.39000,0.06166
9.29000,9.39000,0.06139
9.39000,9.39000,0.06115
9.50000,9.39000,0.06094
9.60000,9.39000,0.06077
9.70000,9.39000,0.06065
9.80000,9.39000,0.06056
9.90000,9.39000,0.06052
0.00000,9.50000,0.09457
0.10000,9.50000,0.09456
0.20000,9.50000,0.09452
0.30000,9.50000,0.09447
0.40000,9.50000,0.09441
0.50000,9.50000,0.09433
0.60000,9.50000,0.09424
0.70000,9.50000,0.09413
0.80000,9.50000,0.09401
0.90000,9.50000,0.09389
1.00000,9.50000,0.09375
1.10000,9.50000,0.09361
1.20000,9.50000,0.09346
1.30000,9.50000,0.09331
1.40000,9.50000,0.09315
1.50000,9.50000,0.09300
1.60000,9.50000,0.09284
1.70000,9.50000,0.09268
1.80000,9.50000,0.09253
1.90000,9.50000,0.09237
2.00000,9.50000,0.09222
2.10000,9.50000,0.09207
2.20000,9.50000,0.09192
2.30000,9.50000,0.09177
2.39000,9.50000,0.09162
2.49000,9.50000,0.09147
2.59000,9.50000,0.09132
2.69000,9.50000,0.09117
2.79000,9.50000,0.09101
2.89000,9.50000,0.09084
2.99000,9.50000,0.09067
3.09000,9.50000,0.09049
3.19000,9.50000,0.09029
3.29000,9.50000,0.09007
3.39000,9.50000,0.08984
3.49000,9.50000,0.08959
3.59000,9.50000,0.08931
3.69000,9.50000,0.08899
3.79000,9.50000,0.08865
3.89000,9.50000,0.08826
3.99000,9.50000,0.08782
4.09000,9.50000,0.08733
4.19000,9.50000,0.08677
4.29000,9.50000,0.08615
4.39000,9.50000,0.08543
4.49000,9.50000,0.08462
4.59000,9.50000,0.08369
4.69000,9.50000,0.08264
4.79000,9.50000,0.08142
4.89000,9.50000,0.08004
4.99000,9.50000,0.07844
5.09000,9.50000,0.07715
5.19000,9.50000,0.07609
5.29000,9.50000,0.07522
5.39000,9.50000,0.07449
5.49000,9.50000,0.07389
5.59000,9.50000,0.07338
5.69000,9.50000,0.07295
5.79000,9.50000,0.07258
5.89000,9.50000,0.07226
5.99000,9.50000,0.07199
6.09000,9.50000,0.07174
6.19000,9.50000,0.07151
6.29000,9.50000,0.07130
6.39000,9.50000,0.07109
6.49000,9.50000,0.07089
6.59000,9.50000,0.07069
6.69000,9.50000,0.07048
6.79000,9.50000,0.07027
6.89000,9.50000,0.07004
6.99000,9.50000,0.06980
7.09000,9.50000,0.06953
7.19000,9.50000,0.06926
7.29000,9.50000,0.06896
7.39000,9.50000,0.06864
7.49000,9.50000,0.06830
7.59000,9.50000,0.06795
7.69000,9.50000,0.06758
7.79000,9.50000,0.06718
7.89000,9.50000,0.06678
7.99000,9.50000,0.06636
8.09000,9.50000,0.06593
8.19000,9.50000,0.06550
8.29000,9.50000,0.06506
8.39000,9.50000,0.06462
8.49000,9.50000,0.06418
8.59000,9.50000,0.06375
8.69000,9.50000,0.06333
8.79000,9.50000,0.06292
8.89000,9.50000,0.06254
8.99000,9.50000,0.06217
9.09000,9.50000,0.06183
9.19000,9.50000,0.06152
9.29000,9.50000,0.06124
9.39000,9.50000,0.06099
9.50000,9.50000,0.06078
9.60000,9.50000,0.06061
9.70000,9.50000,0.06049
9.80000,9.50000,0.06040
9.90000,9.50000,0.06036
0.00000,9.60000,0.09452
0.10000,9.60000,0.09450
0.20000,9.60000,0.09447
0.30000,9.60000,0.09442
0.40000,9.60000,0.09435
0.50000,9.60000,0.09427
0.60000,9.60000,0.09418
0.70000,9.60000,0.09407
0.80000,9.60000,0.09395
0.90000,9.60000,0.09382
1.00000,9.60000,0.09369
1.10000,9.60000,0.09354
1.20000,9.60000,0.09339
1.30000,9.60000,0.09324
1.40000,9.60000,0.09309
1.50000,9.60000,0.09293
1.60000,9.60000,0.09277
1.70000,9.60000,0.09261
1.80000,9.60000,0.09245
1.90000,9.60000,0.09230
2.00000,9.60000,0.09215
2.10000,9.60000,0.09199
2.20000,9.60000,0.09184
2.30000,9.60000,0.09170
2.39000,9.60000,0.09155
2.49000,9.60000,0.09140
2.59000,9.60000,0.09125
2.69000,9.60000,0.09109
2.79000,9.60000,0.09093
2.89000,9.60000,0.09077
2.99000,9.60000,0.09060
3.09000,9.60000,0.09041
3.19000,9.60000,0.09022
3.29000,9.60000,0.09001
3.39000,9.60000,0.08978
3.49000,9.60000,0.08952
3.59000,9.60000,0.08924
3.69000,9.60000,0.08893
3.79000,9.60000,0.08859
3.89000,9.60000,0.08820
3.99000,9.60000,0.08777
4.09000,9.60000,0.08728
4.19000,9.60000,0.08673
4.29000,9.60000,0.08611
4.39000,9.60000,0.08540
4.49000,9.60000,0.08459
4.59000,9.60000,0.08366
4.69000,9.60000,0.08261
4.79000,9.60000,0.08140
4.89000,9.60000,0.08002
4.99000,9.60000,0.07843
5.09000,9.60000,0.07714
5.19000,9.60000,0.07608
5.29000,9.60000,0.07521
5.39000,9.60000,0.07449
5.49000,9.60000,0.07388
5.59000,9.60000,0.07338
5.69000,9.60000,0.07295
5.79000,9.60000,0.07258
5.89000,9.60000,0.07227
5.99000,9.60000,0.07199
6.09000,9.60000,0.07174
6.19000,9.60000,0.07152
6.29000,9.60000,0.07130
6.39000,9.60000,0.07110
6.49000,9.60000,0.07090
6.59000,9.60000,0.07069
6.69000,9.60000,0.07049
6.79000,9.60000,0.07027
6.89000,9.60000,0.07004
6.99000,9.60000,0.06979
7.09000,9.60000,0.06953
7.19000,9.60000,0.06924
7.29000,9.60000,0.06894
7.39000,9.60000,0.06862
7.49000,9.60000,0.06828
7.59000,9.60000,0.06792
7.69000,9.60000,0.06754
7.79000,9.60000,0.06714
7.89000,9.60000,0.06673
7.99000,9.60000,0.06631
8.09000,9.60000,0.06587
8.19000,9.60000,0.06543
8.29000,9.60000,0.06499
8.39000,9.60000,0.06454
8.49000,9.60000,0.06410
8.59000,9.60000,0.06366
8.69000,9.60000,0.06324
8.79000,9.60000,0.06283
8.89000,9.60000,0.06243
8.99000,9.60000,0.06206
9.09000,9.60000,0.06172
9.19000,9.60000,0.06140
9.29000,9.60000,0.06112
9.39000,9.60000,0.06087
9.50000,9.60000,0.06066
9.60000,9.60000,0.06049
9.70000,9.60000,0.06036
9.80000,9.60000,0.06027
9.90000,9.60000,0.06022
0.00000,9.70000,0.09448
0.10000,9.70000,0.09446
0.20000,9.70000,0.09443
0.30000,9.70000,0.09438
0.40000,9.70000,0.09431
0.50000,9.70000,0.09423
0.60000,9.70000,0.09413
0.70000,9.70000,0.09403
0.80000,9.70000,0.09391
0.90000,9.70000,0.09378
1.00000,9.70000,0.09364
1.10000,9.70000,0.09350
1.20000,9.70000,0.09335
1.30000,9.70000,0.09319
1.40000,9.70000,0.09303
1.50000,9.70000,0.09288
1.60000,9.70000,0.09272
1.70000,9.70000,0.09256
1.80000,9.70000,0.09240
1.90000,9.70000,0.09224
2.00000,9.70000,0.09209
2.10000,9.70000,0.09194
2.20000,9.70000,0.09179
2.30000,9.70000,0.09164
2.39000,9.70000,0.09149
2.49000,9.70000,0.09134
2.59000,9.70000,0.09119
2.69000,9.70000,0.09104
2.79000,9.70000,0.09088
2.89000,9.70000,0.09071
2.99000,9.70000,0.09054
3.09000,9.70000,0.09036
3.19000,9.70000,0.09017
3.29000,9.70000,0.08996
3.39000,9.70000,0.08973
3.49000,9.70000,0.08947
3.59000,9.70000,0.08920
3.69000,9.70000,0.08889
3.79000,9.70000,0.08855
3.89000,9.70000,0.08816
3.99000,9.70000,0.08773
4.09000,9.70000,0.08725
4.19000,9.70000,0.08670
4.29000,9.70000,0.08607
4.39000,9.70000,0.08537
4.49000,9.70000,0.08456
4.59000,9.70000,0.08364
4.69000,9.70000,0.08259
4.79000,9.70000,0.08138
4.89000,9.70000,0.08000
4.99000,9.70000,0.07842
5.09000,9.70000,0.07713
5.19000,9.70000,0.07607
5.29000,9.70000,0.07520
5.39000,9.70000,0.07448
5.49000,9.70000,0.07388
5.59000,9.70000,0.07338
5.69000,9.70000,0.07295
5.79000,9.70000,0.07258
5.89000,9.70000,0.07227
5.99000,9.70000,0.07199
6.09000,9.70000,0.07175
6.19000,9.70000,0.07152
6.29000,9.70000,0.07131
6.39000,9.70000,0.07110
6.49000,9.70000,0.07090
6.59000,9.70000,0.07070
6.69000,9.70000,0.07049
6.79000,9.70000,0.07027
6.89000,9.70000,0.07003
6.99000,9.70000,0.06978
7.09000,9.70000,0.06952
7.19000,9.70000,0.06923
7.29000,9.70000,0.06893
7.39000,9.70000,0.06860
7.49000,9.70000,0.06826
7.59000,9.70000,0.06789
7.69000,9.70000,0.06751
7.79000,9.70000,0.06711
7.89000,9.70000,0.06670
7.99000,9.70000,0.06627
8.09000,9.70000,0.06583
8.19000,9.70000,0.06538
8.29000,9.70000,0.06493
8.39000,9.70000,0.06448
8.49000,9.70000,0.06404
8.59000,9.70000,0.06360
8.69000,9.70000,0.06317
8.79000,9.70000,0.06275
8.89000,9.70000,0.06236
8.99000,9.70000,0.06198
9.09000,9.70000,0.06163
9.19000,9.70000,0.06131
9.29000,9.70000,0.06103
9.39000,9.70000,0.06078
9.50000,9.70000,0.06056
9.60000,9.70000,0.06039
9.70000,9.70000,0.06026
9.80000,9.70000,0.06017
9.90000,9.70000,0.06012
0.00000,9.80000,0.09445
0.10000,9.80000,0.09443
0.20000,9.80000,0.09440
0.30000,9.80000,0.09435
0.40000,9.80000,0.09428
0.50000,9.80000,0.09420
0.60000,9.80000,0.09411
0.70000,9.80000,0.09400
0.80000,9.80000,0.09388
0.90000,9.80000,0.09375
1.00000,9.80000,0.09361
1.10000,9.80000,0.09346
1.20000,9.80000,0.09331
1.30000,9.80000,0.09316
1.40000,9.80000,0.09300
1.50000,9.80000,0.09284
1.60000,9.80000,0.09268
1.70000,9.80000,0.09252
1.80000,9.80000,0.09236
1.90000,9.80000,0.09221
2.00000,9.80000,0.09205
2.10000,9.80000,0.09190
2.20000,9.80000,0.09175
2.30000,9.80000,0.09160
2.39000,9.80000,0.09145
2.49000,9.80000,0.09130
2.59000,9.80000,0.09115
2.69000,9.80000,0.09100
2.79000,9.80000,0.09084
2.89000,9.80000,0.09068
2.99000,9.80000,0.09051
3.09000,9.80000,0.09032
3.19000,9.80000,0.09013
3.29000,9.80000,0.08992
3.39000,9.80000,0.08969
3.49000,9.80000,0.08944
3.59000,9.80000,0.08917
3.69000,9.80000,0.08886
3.79000,9.80000,0.08852
3.89000,9.80000,0.08814
3.99000,9.80000,0.08771
4.09000,9.80000,0.08722
4.19000,9.80000,0.08667
4.29000,9.80000,0.08605
4.39000,9.80000,0.08535
4.49000,9.80000,0.08454
4.59000,9.80000,0.08363
4.69000,9.80000,0.08257
4.79000,9.80000,0.08137
4.89000,9.80000,0.07999
4.99000,9.80000,0.07841
5.09000,9.80000,0.07712
5.19000,9.80000,0.07607
5.29000,9.80000,0.07520
5.39000,9.80000,0.07448
5.49000,9.80000,0.07388
5.59000,9.80000,0.07338
5.69000,9.80000,0.07295
5.79000,9.80000,0.07259
5.89000,9.80000,0.07227
5.99000,9.80000,0.07200
6.09000,9.80000,0.07175
6.19000,9.80000,0.07152
6.29000,9.80000,0.07131
6.39000,9.80000,0.07110
6.49000,9.80000,0.07090
6.59000,9.80000,0.07070
6.69000,9.80000,0.07049
6.79000,9.80000,0.07027
6.89000,9.80000,0.07003
6.99000,9.80000,0.06978
7.09000,9.80000,0.06951
7.19000,9.80000,0.06923
7.29000,9.80000,0.06892
7.39000,9.80000,0.06859
7.49000,9.80000,0.06825
7.59000,9.80000,0.06788
7.69000,9.80000,0.06749
7.79000,9.80000,0.06709
7.89000,9.80000,0.06667
7.99000,9.80000,0.06624
8.09000,9.80000,0.06580
8.19000,9.80000,0.06535
8.29000,9.80000,0.06490
8.39000,9.80000,0.06444
8.49000,9.80000,0.06399
8.59000,9.80000,0.06355
8.69000,9.80000,0.06312
8.79000,9.80000,0.06270
8.89000,9.80000,0.06230
8.99000,9.80000,0.06193
9.09000,9.80000,0.06158
9.19000,9.80000,0.06126
9.29000,9.80000,0.06097
9.39000,9.80000,0.06071
9.50000,9.80000,0.06050
9.60000,9.80000,0.06032
9.70000,9.80000,0.06019
9.80000,9.80000,0.06010
9.90000,9.80000,0.06006
0.00000,9.90000,0.09444
0.10000,9.90000,0.09442
0.20000,9.90000,0.09439
0.30000,9.90000,0.09434
0.40000,9.90000,0.09427
0.50000,9.90000,0.09419
0.60000,9.90000,0.09409
0.70000,9.90000,0.09398
0.80000,9.90000,0.09386
0.90000,9.90000,0.09373
1.00000,9.90000,0.09359
1.10000,9.90000,0.09345
1.20000,9.90000,0.09330
1.30000,9.90000,0.09314
1.40000,9.90000,0.09298
1.50000,9.90000,0.09282
1.60000,9.90000,0.09266
1.70000,9.90000,0.09250
1.80000,9.90000,0.09235
1.90000,9.90000,0.09219
2.00000,9.90000,0.09203
2.10000,9.90000,0.09188
2.20000,9.90000,0.09173
2.30000,9.90000,0.09158
2.39000,9.90000,0.09143
2.49000,9.90000,0.09128
2.59000,9.90000,0.09113
2.69000,9.90000,0.09098
2.79000,9.90000,0.09082
2.89000,9.90000,0.09066
2.99000,9.90000,0.09049
3.09000,9.90000,0.09031
3.19000,9.90000,0.09011
3.29000,9.90000,0.08990
3.39000,9.90000,0.08968
3.49000,9.90000,0.08943
3.59000,9.90000,0.08915
3.69000,9.90000,0.08884
3.79000,9.90000,0.08850
3.89000,9.90000,0.08812
3.99000,9.90000,0.08769
4.09000,9.90000,0.08721
4.19000,9.90000,0.08666
4.29000,9.90000,0.08604
4.39000,9.90000,0.08534
4.49000,9.90000,0.08453
4.59000,9.90000,0.08362
4.69000,9.90000,0.08257
4.79000,9.90000,0.08137
4.89000,9.90000,0.07999
4.99000,9.90000,0.07840
5.09000,9.90000,0.07712
5.19000,9.90000,0.07606
5.29000,9.90000,0.07520
5.39000,9.90000,0.07448
5.49000,9.90000,0.07388
5.59000,9.90000,0.07338
5.69000,9.90000,0.07295
5.79000,9.90000,0.07259
5.89000,9.90000,0.07227
5.99000,9.90000,0.07200
6.09000,9.90000,0.07175
6.19000,9.90000,0.07152
6.29000,9.90000,0.07131
6.39000,9.90000,0.07111
6.49000,9.90000,0.07090
6.59000,9.90000,0.07070
6.69000,9.90000,0.07049
6.79000,9.90000,0.07026
6.89000,9.90000,0.07003
6.99000,9.90000,0.06978
7.09000,9.90000,0.06951
7.19000,9.90000,0.06922
7.29000,9.90000,0.06892
7.39000,9.90000,0.06859
7.49000,9.90000,0.06824
7.59000,9.90000,0.06787
7.69000,9.90000,0.06748
7.79000,9.90000,0.06708
7.89000,9.90000,0.06666
7.99000,9.90000,0.06623
8.09000,9.90000,0.06578
8.19000,9.90000,0.06533
8.29000,9.90000,0.06488
8.39000,9.90000,0.06443
8.49000,9.90000,0.06397
8.59000,9.90000,0.06353
8.69000,9.90000,0.06310
8.79000,9.90000,0.06268
8.89000,9.90000,0.06228
8.99000,9.90000,0.06190
9.09000,9.90000,0.06155
9.19000,9.90000,0.06123
9.29000,9.90000,0.06094
9.39000,9.90000,0.06068
9.50000,9.90000,0.06047
9.60000,9.90000,0.06029
9.70000,9.90000,0.06016
9.80000,9.90000,0.06007
9.90000,9.90000,0.06003

